numero_concurso,dezenas_sorteadas
728729,1,04 05 30 33 41 52
728736,2,09 37 39 41 43 49
728743,3,10 11 29 30 36 47
728750,4,01 05 06 27 42 59
728757,5,01 02 06 16 19 46
728764,6,07 13 19 22 40 47
728771,7,03 05 20 21 38 56
728778,8,04 17 37 38 47 53
728785,9,08 43 54 55 56 60
728792,10,04 18 21 25 38 57
728799,11,15 25 37 38 58 59
728806,12,04 16 19 20 27 43
728813,13,18 32 47 50 54 56
728820,14,02 16 23 27 47 53
728827,15,12 33 35 51 52 60
728834,16,20 32 34 49 58 60
728841,17,06 10 13 19 20 51
728848,18,23 27 36 37 42 56
728855,19,05 10 12 24 25 60
728862,20,11 25 28 30 33 51
728869,21,06 33 36 46 49 53
728876,22,01 09 31 38 46 56
728883,23,17 37 39 51 52 59
728890,24,01 08 14 28 33 43
728896,25,24 43 50 54 55 56
728903,26,10 22 50 53 57 58
728910,27,13 17 20 33 44 51
728917,28,03 06 22 24 54 60
728924,29,03 08 14 43 56 58
728931,30,07 14 15 29 38 50
728938,31,17 19 28 45 48 56
728945,32,05 14 33 36 43 44
728952,33,05 17 33 39 42 49
728959,34,13 15 17 40 53 57
728966,35,04 16 21 23 54 57
728973,36,03 13 17 25 29 51
728980,37,06 07 22 38 52 60
728987,38,10 42 43 45 54 55
728994,39,12 16 37 45 52 56
729001,40,03 05 08 12 46 47
729008,41,12 26 35 38 39 47
729015,42,07 11 19 24 33 36
729022,43,02 06 17 25 26 58
729029,44,14 18 29 38 44 47
729036,45,07 30 37 44 53 55
729043,46,01 23 24 32 46 60
729050,47,03 17 25 35 48 56
729057,48,02 05 28 34 47 50
729064,49,07 13 33 35 43 55
729071,50,06 16 21 44 57 58
729078,51,17 23 24 25 42 47
729085,52,15 30 38 46 58 59
729092,53,03 13 16 38 42 46
729099,54,05 09 18 21 36 56
729106,55,02 14 23 29 38 52
729113,56,02 07 20 35 51 59
729120,57,07 16 17 27 34 59
729127,58,12 27 30 37 44 49
729134,59,02 08 13 28 34 54
729141,60,03 14 15 20 21 38
729148,61,08 18 29 42 44 59
729155,62,06 08 13 24 31 52
729162,63,09 25 26 40 41 49
729169,64,08 12 23 50 54 60
729176,65,01 05 20 25 32 34
729183,66,12 13 15 26 33 48
729190,67,12 14 17 27 47 52
729197,68,01 03 12 13 53 59
729204,69,25 34 45 53 56 58
729211,70,17 23 27 40 43 58
729218,71,16 27 33 43 45 53
729225,72,01 19 34 43 44 48
729232,73,25 26 28 45 51 57
729239,74,02 24 34 37 38 50
729246,75,21 24 35 36 37 49
729253,76,08 17 18 23 33 53
729260,77,21 29 40 49 54 57
729267,78,12 22 25 31 32 46
729274,79,02 13 17 25 31 43
729281,80,23 28 37 40 48 51
729288,81,10 23 41 47 54 60
729295,82,15 18 29 36 51 53
729302,83,04 15 16 24 42 57
729309,84,04 06 10 25 34 40
729316,85,06 15 30 37 45 47
729323,86,06 21 22 34 36 54
729330,87,04 05 11 28 32 40
729337,88,04 18 29 37 43 45
729344,89,13 34 42 44 55 59
729351,90,09 21 26 40 52 54
729358,91,02 04 10 35 39 60
729365,92,01 03 05 23 24 51
729372,93,02 22 28 31 36 53
729379,94,08 18 28 51 52 55
729386,95,06 40 45 46 50 60
729393,96,04 07 26 40 42 58
729400,97,05 11 14 35 53 56
729407,98,13 14 31 33 35 43
729414,99,11 24 30 33 46 60
729421,100,14 29 30 46 48 51
729428,101,01 18 29 31 37 39
729435,102,19 20 37 42 44 56
729442,103,01 07 09 49 54 57
729449,104,01 04 13 21 38 52
729456,105,03 13 31 43 46 49
729463,106,05 16 24 35 38 39
729470,107,02 04 16 24 51 52
729477,108,21 24 29 34 59 60
729483,109,01 13 44 48 49 54
729490,110,18 31 43 52 57 58
729497,111,04 22 25 32 33 52
729504,112,12 20 34 37 42 43
729511,113,07 26 28 34 54 55
729518,114,06 12 18 37 47 54
729525,115,04 06 14 20 24 38
729532,116,05 13 32 36 42 51
729539,117,20 25 27 33 42 53
729546,118,09 22 25 37 56 57
729553,119,01 21 36 38 47 50
729560,120,03 16 27 40 45 46
729567,121,02 29 41 44 53 55
729574,122,11 17 20 39 43 53
729581,123,13 14 16 26 32 42
729588,124,05 15 34 41 52 57
729595,125,25 41 47 53 56 59
729602,126,06 10 11 28 32 40
729609,127,21 29 50 51 54 59
729616,128,03 09 18 21 23 43
729623,129,01 09 10 32 46 54
729630,130,13 29 38 42 49 53
729637,131,04 09 17 27 30 44
729644,132,07 09 35 41 44 50
729651,133,05 06 19 34 39 57
729658,134,04 25 32 36 52 60
729665,135,21 22 35 40 53 59
729672,136,01 17 25 38 45 59
729679,137,15 16 19 22 26 49
729686,138,05 14 27 37 40 41
729693,139,03 13 26 27 41 42
729700,140,07 31 41 44 46 55
729707,141,10 13 22 41 42 58
729714,142,08 15 19 20 54 59
729721,143,06 18 20 40 50 53
729728,144,08 32 36 44 45 55
729735,145,15 16 31 41 43 51
729742,146,25 32 34 42 51 60
729747,147,06 16 23 24 28 38
729754,148,32 35 41 55 58 59
729763,149,07 11 20 28 45 48
729770,150,12 44 50 52 54 55
729777,151,03 16 20 43 52 56
729784,152,05 12 15 29 51 58
729791,153,02 30 31 42 45 47
729798,154,08 10 24 33 45 48
729805,155,12 30 32 35 43 44
729812,156,17 23 42 49 52 55
729819,157,04 13 17 21 41 44
729826,158,04 14 17 43 51 58
729833,159,09 11 16 35 50 58
729840,160,02 13 42 52 54 58
729847,161,06 25 30 37 39 41
729854,162,21 23 33 38 48 51
729861,163,08 27 36 41 53 56
729868,164,04 10 14 19 28 44
729875,165,10 19 23 35 39 56
729882,166,12 13 22 57 59 60
729889,167,01 11 28 33 38 48
729896,168,02 09 31 35 45 50
729903,169,01 13 21 37 51 52
729910,170,07 41 46 51 55 58
729917,171,04 27 40 43 46 54
729924,172,10 14 26 35 36 49
729931,173,17 28 29 42 49 50
729938,174,11 22 23 36 52 59
729945,175,01 10 13 20 42 50
729952,176,01 03 04 28 45 53
729959,177,22 35 38 39 41 59
729966,178,05 15 19 26 27 33
729973,179,05 06 23 26 27 53
729980,180,06 23 29 39 51 60
729987,181,01 27 33 35 51 55
729994,182,03 05 10 28 46 60
730001,183,02 07 11 16 40 44
730008,184,09 16 21 34 41 60
730015,185,17 22 43 46 55 59
730022,186,14 23 24 25 26 51
730029,187,06 36 41 44 48 58
730037,188,17 27 34 42 43 46
730043,189,04 15 31 38 41 53
730051,190,05 10 21 32 40 42
730058,191,01 03 05 23 41 58
730064,192,01 26 28 41 54 60
730071,193,04 11 12 19 43 49
730078,194,25 28 32 33 42 43
730085,195,03 09 17 32 37 44
730092,196,07 09 14 17 24 32
730099,197,05 12 15 19 29 52
730106,198,01 08 18 23 35 40
730112,199,10 16 37 50 52 57
730119,200,12 15 19 34 44 51
730127,201,05 20 22 30 35 55
730134,202,12 24 44 45 49 53
730141,203,11 19 29 44 47 55
730148,204,29 31 39 41 51 58
730155,205,26 32 40 43 46 54
730162,206,18 20 26 34 51 56
730169,207,03 07 19 24 53 55
730176,208,15 23 24 25 47 57
730183,209,13 21 26 32 41 52
730190,210,20 32 37 38 48 58
730197,211,10 20 33 40 45 50
730204,212,06 15 29 45 57 59
730211,213,03 09 23 30 32 35
730218,214,06 12 30 31 35 50
730225,215,07 28 37 46 53 58
730232,216,14 18 30 35 42 59
730239,217,03 27 32 45 49 51
730246,218,12 17 40 42 47 54
730253,219,23 26 28 36 42 49
730260,220,13 14 36 53 55 60
730267,221,13 27 43 50 54 58
730274,222,05 19 30 48 52 55
730281,223,02 06 22 24 28 58
730288,224,07 16 18 20 21 44
730295,225,02 04 16 21 37 58
730302,226,01 02 38 49 50 59
730309,227,11 26 27 37 42 48
730316,228,13 16 40 43 45 59
730323,229,11 13 21 33 39 45
730330,230,08 40 41 44 53 56
730337,231,16 27 36 42 44 59
730344,232,19 22 29 37 41 59
730351,233,03 07 24 32 36 45
730358,234,15 25 41 42 45 54
730365,235,02 22 29 31 41 55
730372,236,10 25 50 52 57 60
730379,237,07 31 36 45 56 57
730386,238,09 13 15 37 41 42
730393,239,06 21 33 44 46 47
730400,240,25 28 38 41 57 59
730407,241,11 31 35 40 56 57
730414,242,04 07 21 22 28 56
730421,243,11 16 20 23 32 47
730428,244,19 24 33 47 50 60
730435,245,08 27 44 51 53 60
730442,246,02 16 32 37 43 57
730449,247,03 10 23 30 34 46
730456,248,16 32 34 35 41 56
730463,249,21 36 40 49 54 55
730470,250,07 25 41 42 43 55
730477,251,15 23 30 34 49 55
730484,252,04 17 26 32 51 54
730491,253,11 12 24 37 44 56
730498,254,01 04 21 22 30 56
730505,255,16 19 20 32 44 55
730512,256,02 21 26 32 34 52
730519,257,01 04 05 19 28 34
730526,258,07 12 50 54 55 60
730533,259,13 15 20 33 43 58
730540,260,04 06 33 43 59 60
730547,261,05 16 20 30 54 56
730554,262,11 20 48 53 58 60
730561,263,08 09 26 43 50 53
730568,264,01 05 13 25 31 33
730575,265,07 16 34 41 50 53
730582,266,02 23 38 46 48 54
730589,267,01 08 45 46 55 58
730596,268,05 06 10 21 33 47
730603,269,17 18 19 25 49 52
730610,270,05 09 27 35 40 45
730617,271,14 24 26 29 31 54
730624,272,09 10 24 36 56 58
730631,273,10 17 23 27 47 52
730638,274,11 13 18 26 39 47
730645,275,16 19 30 37 38 48
730652,276,22 39 45 53 57 59
730659,277,04 26 38 40 52 56
730666,278,10 15 18 22 31 55
730673,279,04 23 31 47 58 59
730680,280,05 16 20 25 30 58
730687,281,05 11 31 38 47 53
730694,282,09 14 23 24 33 36
730698,283,25 28 34 42 48 54
730701,284,07 08 14 30 32 36
730705,285,12 32 37 41 50 56
730708,286,29 35 37 44 47 56
730712,287,03 13 25 33 47 60
730715,288,06 09 11 17 18 50
730719,289,06 07 20 25 30 36
730722,290,07 25 26 30 40 57
730726,291,05 16 17 18 22 41
730729,292,13 23 24 34 45 53
730733,293,05 06 07 12 28 35
730736,294,22 25 28 41 45 57
730740,295,07 12 24 31 44 50
730743,296,03 20 42 46 51 52
730747,297,01 20 28 33 36 41
730750,298,05 22 23 24 34 60
730754,299,02 05 07 33 49 53
730757,300,24 27 28 38 41 57
730761,301,09 26 48 49 57 58
730764,302,12 25 30 40 41 60
730768,303,07 13 17 30 37 47
730771,304,07 11 34 41 42 59
730775,305,05 11 27 38 53 60
730778,306,19 30 41 47 56 57
730782,307,13 16 17 26 41 44
730785,308,04 11 25 29 39 55
730789,309,04 11 25 39 50 55
730792,310,02 14 28 29 31 32
730796,311,22 24 30 32 38 41
730799,312,14 23 30 41 47 50
730803,313,14 16 24 37 38 53
730806,314,05 32 34 37 40 58
730810,315,12 21 22 28 43 50
730813,316,06 24 28 43 51 56
730817,317,16 20 27 30 35 48
730820,318,03 19 20 31 40 53
730824,319,12 16 17 19 23 48
730827,320,20 22 27 47 50 53
730831,321,04 11 31 32 48 49
730834,322,11 18 29 44 47 56
730838,323,26 31 33 40 49 54
730841,324,08 15 22 25 30 47
730848,325,01 03 04 21 23 53
730855,326,21 23 40 44 51 52
730859,327,29 32 33 38 46 48
730862,328,05 07 14 21 23 51
730866,329,10 11 12 24 35 40
730869,330,02 04 14 23 37 51
730873,331,01 13 20 27 35 37
730876,332,23 28 29 34 42 44
730880,333,04 27 35 44 52 53
730883,334,14 23 24 26 41 51
730887,335,07 23 33 43 57 59
730890,336,02 18 22 26 30 54
730897,337,04 14 16 31 52 54
730901,338,01 04 09 36 46 48
730904,339,05 12 13 16 27 50
730908,340,09 10 12 33 42 60
730911,341,05 16 22 23 43 56
730915,342,16 29 34 49 51 54
730918,343,04 06 07 12 24 41
730922,344,10 12 14 33 35 36
730925,345,11 22 46 51 56 58
730929,346,07 12 41 46 56 60
730932,347,01 10 12 26 48 52
730936,348,19 30 33 39 40 52
730939,349,08 09 28 32 38 54
730943,350,10 15 23 30 43 57
730946,351,15 16 24 41 59 60
730950,352,07 20 25 44 47 49
730953,353,19 23 30 46 55 60
730957,354,07 16 38 40 41 52
730960,355,02 14 22 23 37 60
730964,356,05 19 21 54 56 58
730967,357,02 30 32 35 45 53
730974,358,12 17 21 32 40 42
730978,359,13 19 20 29 31 54
730981,360,23 24 29 47 53 55
730985,361,16 28 31 41 45 59
730988,362,07 20 33 37 46 56
730992,363,19 29 39 47 49 54
730995,364,05 29 44 51 57 59
730999,365,19 23 34 37 52 58
731002,366,04 06 07 15 21 51
731006,367,10 12 27 33 49 52
731009,368,13 29 32 38 44 50
731013,369,01 14 21 35 42 60
731016,370,01 04 40 42 51 54
731020,371,04 18 23 33 39 60
731023,372,16 17 24 39 46 57
731027,373,01 05 10 24 31 33
731030,374,02 05 16 26 44 54
731034,375,01 05 09 42 51 58
731037,376,10 13 25 35 43 48
731041,377,03 12 19 27 45 46
731044,378,05 38 41 45 48 55
731048,379,24 33 40 41 55 59
731051,380,13 22 30 31 47 57
731055,381,09 10 28 46 55 56
731058,382,31 34 37 38 53 54
731062,383,14 22 48 50 53 56
731065,384,24 28 40 47 50 52
731069,385,05 12 16 18 22 24
731072,386,17 35 36 39 43 54
731076,387,22 28 29 43 47 48
731079,388,23 36 48 52 53 58
731083,389,05 14 18 43 46 54
731086,390,07 12 22 34 38 53
731090,391,04 07 15 16 35 40
731093,392,15 23 31 39 47 49
731097,393,06 12 35 36 40 50
731100,394,05 15 35 42 45 49
731104,395,10 11 14 20 31 58
731107,396,06 18 34 42 45 47
731111,397,01 02 05 24 32 46
731114,398,07 16 22 28 36 37
731118,399,11 16 27 47 55 59
731121,400,10 13 28 29 54 59
731125,401,11 18 43 44 50 53
731128,402,05 16 27 43 56 58
731132,403,07 16 27 31 46 60
731135,404,01 24 28 38 40 58
731139,405,24 29 34 47 57 60
731142,406,02 12 32 38 47 48
731146,407,02 18 22 49 51 57
731149,408,14 28 33 44 49 56
731153,409,18 25 26 31 34 49
731156,410,08 24 31 36 38 55
731160,411,10 12 31 38 45 56
731163,412,05 12 14 21 45 59
731167,413,02 04 29 33 35 53
731170,414,16 26 35 45 52 58
731174,415,01 04 27 38 42 44
731177,416,01 13 23 33 54 56
731181,417,07 12 21 25 34 42
731184,418,08 15 32 45 49 52
731188,419,09 16 41 42 52 53
731191,420,12 29 30 43 57 59
731195,421,05 35 37 38 45 51
731198,422,12 37 43 55 56 60
731202,423,08 22 32 33 40 53
731205,424,18 27 29 36 46 59
731212,425,06 10 16 34 42 47
731219,426,07 30 32 37 50 54
731223,427,03 13 14 24 43 51
731226,428,08 28 30 32 46 60
731230,429,17 26 32 36 43 55
731233,430,08 10 21 25 38 50
731237,431,26 37 40 47 52 58
731240,432,04 13 17 27 39 50
731244,433,16 17 28 30 36 54
731247,434,04 10 17 24 30 54
731251,435,10 11 17 31 37 43
731254,436,01 06 07 29 48 57
731258,437,07 10 30 44 54 59
731261,438,03 05 11 14 38 48
731265,439,13 20 29 42 43 57
731268,440,03 05 23 30 46 47
731272,441,02 10 15 21 58 59
731275,442,06 15 23 31 37 59
731282,443,11 17 26 36 48 52
731286,444,03 24 33 48 52 57
731289,445,07 20 31 32 50 53
731293,446,08 11 12 17 20 47
731296,447,15 24 25 33 42 55
731300,448,03 05 09 45 51 52
731303,449,01 08 24 34 49 56
731307,450,01 09 13 50 51 59
731310,451,17 18 23 28 31 53
731314,452,11 16 30 36 51 54
731317,453,08 20 23 34 52 58
731321,454,04 17 24 42 46 56
731324,455,02 14 15 17 50 59
731328,456,03 17 22 27 33 40
731331,457,15 17 24 27 32 48
731335,458,13 24 32 34 43 53
731338,459,08 15 17 39 43 49
731342,460,19 23 30 37 49 55
731345,461,15 17 20 29 30 60
731349,462,17 19 22 26 27 48
731352,463,02 03 07 18 45 53
731356,464,06 24 33 38 45 50
731359,465,01 22 31 46 51 57
731363,466,11 16 28 29 30 45
731366,467,08 18 21 22 38 60
731370,468,05 06 23 25 39 51
731373,469,13 21 26 29 42 47
731377,470,08 11 23 37 51 58
731380,471,05 31 32 36 51 59
731384,472,03 04 12 29 38 51
731387,473,07 23 41 49 51 58
731391,474,03 12 32 34 40 50
731394,475,06 08 19 22 43 52
731398,476,17 20 38 43 55 58
731401,477,06 08 18 34 38 47
731405,478,03 08 21 25 30 31
731408,479,20 26 41 46 54 58
731412,480,14 33 36 38 41 49
731415,481,06 13 22 24 42 44
731419,482,12 13 33 53 54 56
731422,483,16 18 23 35 44 59
731426,484,17 18 19 38 49 53
731429,485,19 28 30 38 52 57
731433,486,08 14 19 30 42 50
731436,487,08 22 25 48 52 54
731440,488,15 30 35 39 43 57
731443,489,17 28 33 36 53 59
731447,490,05 11 23 29 54 58
731450,491,01 09 15 22 43 55
731454,492,02 06 15 18 56 57
731457,493,03 18 20 24 42 54
731461,494,18 20 28 32 49 53
731464,495,08 15 29 36 49 60
731468,496,10 19 20 29 41 59
731471,497,09 13 20 32 41 58
731475,498,02 06 28 49 50 57
731478,499,01 04 05 11 44 59
731485,500,21 29 35 36 38 54
731489,501,16 27 28 34 39 56
731492,502,07 13 21 24 33 50
731496,503,07 10 21 27 48 49
731499,504,08 11 19 30 39 50
731503,505,03 20 28 46 47 52
731506,506,04 15 31 34 37 38
731510,507,03 05 27 33 44 58
731513,508,05 10 15 45 46 56
731517,509,28 32 33 34 35 55
731520,510,01 04 30 41 45 58
731524,511,03 04 08 34 36 37
731527,512,04 08 31 40 53 58
731531,513,10 19 27 33 39 46
731534,514,15 36 40 42 51 52
731538,515,15 16 39 45 48 57
731541,516,05 13 24 33 34 35
731545,517,07 08 28 32 38 51
731548,518,05 08 10 15 18 44
731552,519,09 15 19 22 36 42
731555,520,09 12 17 32 34 35
731559,521,15 25 28 32 38 45
731562,522,06 14 15 25 49 52
731566,523,28 39 40 44 45 58
731569,524,19 29 34 41 47 48
731576,525,08 10 24 26 32 49
731583,526,03 21 31 36 55 59
731587,527,06 14 17 26 50 52
731590,528,08 12 28 31 34 37
731594,529,01 13 33 38 45 56
731597,530,01 06 21 25 32 49
731601,531,01 03 07 18 35 50
731604,532,04 09 12 13 52 53
731608,533,13 18 21 27 53 59
731611,534,03 08 23 31 48 57
731615,535,06 14 28 47 49 56
731618,536,14 15 22 23 25 37
731622,537,03 07 19 34 37 39
731625,538,03 25 43 45 52 56
731629,539,06 16 19 47 50 55
731632,540,04 22 28 30 44 49
731639,541,13 27 49 52 57 58
731643,542,04 06 19 28 35 49
731646,543,35 37 42 46 49 54
731650,544,11 17 33 34 47 56
731653,545,17 29 35 40 43 57
731657,546,04 05 13 17 46 54
731660,547,04 13 28 30 53 59
731664,548,14 47 49 51 58 59
731667,549,08 13 22 46 51 58
731671,550,16 17 38 39 45 56
731674,551,12 21 46 48 56 57
731678,552,09 22 47 49 52 54
731681,553,04 43 46 53 54 58
731685,554,15 29 31 42 47 60
731688,555,05 23 31 33 45 49
731692,556,08 10 17 30 33 45
731695,557,08 12 18 23 38 49
731699,558,07 14 31 57 58 59
731702,559,06 13 17 25 36 53
731706,560,02 11 18 30 32 58
731709,561,01 20 36 39 49 55
731713,562,16 23 35 37 55 57
731716,563,05 08 23 34 44 51
731720,564,10 13 20 32 38 49
731723,565,07 31 34 35 37 45
731727,566,06 13 17 18 20 37
731730,567,11 31 38 41 57 58
731734,568,13 17 22 25 29 41
731737,569,03 09 14 15 32 57
731741,570,15 32 33 35 36 51
731744,571,12 13 14 31 50 51
731748,572,03 09 16 20 33 60
731751,573,06 17 22 29 40 59
731755,574,02 10 17 23 32 44
731758,575,05 18 21 29 35 48
731762,576,07 08 18 39 43 52
731765,577,08 23 24 28 31 47
731769,578,03 18 23 48 56 58
731772,579,04 09 15 17 34 39
731776,580,15 16 18 28 38 47
731779,581,14 17 25 30 39 52
731783,582,13 29 40 45 51 59
731786,583,06 07 20 41 43 55
731790,584,07 08 23 30 32 53
731793,585,12 24 33 36 39 57
731797,586,11 13 38 39 45 54
731800,587,02 18 29 30 36 60
731804,588,11 13 45 46 53 55
731807,589,06 07 08 13 33 59
731811,590,04 05 18 25 28 51
731814,591,01 03 18 34 50 58
731818,592,13 14 42 47 55 59
731821,593,01 25 27 29 49 59
731825,594,10 13 29 47 53 55
731828,595,01 02 25 43 50 54
731832,596,11 14 28 43 54 60
731835,597,22 27 29 40 42 56
731839,598,05 16 34 38 50 53
731842,599,04 06 09 23 45 51
731846,600,16 18 31 34 39 54
731849,601,10 19 22 29 30 37
731853,602,07 13 38 46 55 60
731856,603,04 08 11 12 29 44
731860,604,15 25 41 46 49 51
731863,605,04 24 44 49 52 53
731867,606,06 23 32 35 41 55
731870,607,06 11 19 27 41 59
731874,608,06 13 19 24 30 37
731877,609,02 06 15 58 59 60
731881,610,25 30 43 45 47 49
731884,611,16 21 22 33 48 49
731888,612,15 18 33 50 53 55
731891,613,06 13 19 44 54 55
731895,614,12 16 31 48 57 60
731898,615,05 08 10 27 31 51
731902,616,02 12 16 24 26 54
731905,617,03 05 25 33 36 49
731909,618,03 08 10 13 24 60
731912,619,08 12 14 16 19 46
731916,620,01 03 13 22 29 32
731919,621,26 29 31 49 50 57
731923,622,19 27 29 38 50 59
731926,623,09 23 30 42 49 55
731930,624,08 23 34 39 43 52
731933,625,12 24 32 40 42 59
731937,626,07 08 18 22 39 49
731944,627,01 13 19 45 56 58
731951,628,08 16 22 30 56 58
731954,629,15 16 39 40 47 51
731958,630,12 16 20 45 53 60
731961,631,01 20 28 32 44 47
731965,632,02 19 28 48 51 54
731968,633,05 11 22 27 46 50
731972,634,10 13 24 41 42 56
731975,635,08 20 26 37 42 49
731979,636,26 28 30 32 34 50
731982,637,11 18 43 48 52 58
731989,638,10 11 36 41 42 50
731993,639,13 35 39 45 51 60
731996,640,12 19 42 46 59 60
732000,641,01 09 13 17 33 34
732003,642,17 36 40 44 51 56
732007,643,14 24 37 40 42 45
732010,644,14 27 29 31 34 57
732014,645,03 24 48 52 53 54
732017,646,10 13 32 47 49 60
732021,647,11 12 14 19 54 56
732024,648,05 23 29 42 45 48
732028,649,09 24 33 41 48 54
732031,650,10 24 25 29 53 59
732035,651,26 28 39 45 48 60
732038,652,10 18 20 24 56 57
732042,653,05 09 19 24 31 34
732045,654,06 10 11 40 41 56
732049,655,01 26 37 39 43 48
732052,656,35 36 37 46 51 59
732056,657,16 20 33 58 59 60
732059,658,03 06 11 20 36 41
732063,659,14 29 34 40 51 52
732066,660,05 11 38 46 53 54
732070,661,04 27 36 40 42 55
732073,662,04 18 23 25 56 60
732077,663,01 27 30 49 51 55
732080,664,01 12 36 38 55 59
732084,665,07 08 18 25 47 48
732087,666,07 16 26 29 45 55
732091,667,01 04 05 16 23 49
732094,668,01 02 14 33 49 56
732098,669,07 24 27 40 41 49
732101,670,22 37 42 48 58 59
732105,671,09 16 27 38 39 51
732108,672,24 28 34 38 43 53
732112,673,06 11 20 34 37 40
732115,674,18 22 29 32 38 42
732119,675,24 25 30 42 43 50
732122,676,09 15 32 41 42 49
732126,677,08 10 25 32 48 55
732129,678,14 31 40 42 44 46
732133,679,03 21 25 37 54 58
732136,680,02 03 05 22 26 44
732140,681,21 25 38 53 58 59
732143,682,04 27 36 37 47 60
732147,683,02 11 12 35 40 43
732150,684,17 19 33 37 40 50
732154,685,05 12 27 33 43 56
732157,686,04 05 15 26 33 54
732161,687,01 07 14 41 48 59
732164,688,11 21 30 35 47 52
732168,689,06 07 31 49 51 60
732171,690,08 12 15 41 47 53
732175,691,08 16 37 50 55 58
732178,692,11 18 33 57 58 60
732182,693,13 14 17 31 41 50
732185,694,15 19 29 37 41 53
732189,695,06 11 13 21 40 52
732192,696,09 16 34 37 53 57
732199,697,28 31 32 35 51 53
732203,698,08 12 22 27 43 55
732208,699,17 23 48 50 53 54
732210,700,02 03 14 24 31 40
732213,701,01 13 23 31 48 60
732217,702,01 18 45 56 57 58
732220,703,02 11 24 27 30 45
732224,704,02 04 18 27 34 50
732227,705,03 11 13 15 26 43
732234,706,02 07 10 17 22 60
732238,707,01 08 10 36 43 51
732241,708,07 09 13 39 45 47
732245,709,04 06 09 22 29 44
732248,710,05 25 34 39 46 49
732255,711,05 10 33 40 41 59
732259,712,07 08 35 43 53 58
732262,713,01 12 16 26 46 54
732266,714,07 08 17 35 39 53
732269,715,04 12 24 33 36 54
732273,716,02 07 16 29 32 50
732276,717,06 17 23 28 35 41
732280,718,07 21 33 35 39 58
732283,719,03 32 37 39 47 53
732287,720,12 31 44 51 54 56
732290,721,03 14 23 25 36 55
732294,722,09 18 36 44 57 60
732297,723,01 06 16 36 50 52
732301,724,17 27 34 48 51 55
732311,725,03 09 35 37 41 49
732315,726,01 05 07 37 40 47
732318,727,04 12 14 30 42 59
732322,728,08 13 24 32 42 44
732325,729,05 18 33 43 56 57
732329,730,02 15 16 45 50 54
732332,731,06 15 16 23 28 35
732336,732,06 17 19 49 50 53
732339,733,02 12 26 31 43 46
732343,734,27 29 43 44 45 54
732346,735,09 15 38 40 42 52
732350,736,01 21 38 41 49 56
732353,737,11 12 24 32 33 38
732357,738,14 15 26 30 42 54
732360,739,06 10 35 45 49 56
732364,740,12 16 28 29 47 50
732367,741,24 26 27 36 39 59
732371,742,02 07 17 34 41 50
732374,743,20 23 25 32 54 60
732378,744,04 12 23 26 39 46
732381,745,02 16 21 37 43 57
732385,746,01 10 12 25 49 57
732388,747,02 03 12 21 23 56
732392,748,01 02 07 19 35 51
732395,749,04 24 47 48 50 57
732399,750,10 17 33 42 54 58
732402,751,04 07 20 25 38 50
732406,752,04 23 24 25 29 42
732409,753,02 07 22 35 43 59
732413,754,03 04 13 34 42 50
732416,755,04 12 30 47 49 59
732420,756,05 27 37 38 41 50
732423,757,12 17 18 30 32 58
732427,758,01 23 36 43 47 59
732430,759,30 31 39 45 48 59
732434,760,12 17 44 45 46 60
732437,761,13 17 27 29 40 56
732441,762,09 12 21 37 39 54
732444,763,01 09 26 40 47 48
732449,764,03 07 45 47 53 55
732452,765,03 10 16 30 37 50
732455,766,01 19 24 42 50 58
732458,767,15 22 32 38 50 54
732462,768,04 08 30 33 37 59
732465,769,12 16 20 21 29 50
732469,770,04 12 25 34 35 48
732472,771,14 21 29 34 46 47
732476,772,10 35 38 51 52 60
732479,773,03 05 14 29 34 51
732483,774,05 10 37 46 54 58
732486,775,12 27 42 46 47 50
732490,776,03 15 35 41 57 60
732493,777,02 14 23 28 50 56
732497,778,20 31 36 37 45 51
732500,779,25 26 29 36 52 54
732504,780,07 10 28 50 51 59
732507,781,08 10 13 39 54 56
732511,782,02 11 23 35 42 59
732514,783,04 08 21 32 43 48
732518,784,08 27 37 42 53 56
732521,785,05 08 17 35 37 48
732525,786,10 11 26 27 31 41
732528,787,20 31 34 37 54 60
732532,788,17 19 29 31 44 57
732535,789,06 31 38 39 50 60
732539,790,02 06 19 22 28 43
732542,791,09 14 19 35 42 58
732546,792,09 29 34 43 45 56
732549,793,03 15 16 33 51 57
732553,794,03 38 42 47 55 56
732556,795,14 21 26 29 36 48
732560,796,05 19 24 34 39 43
732563,797,06 12 47 48 52 58
732567,798,03 04 09 29 32 52
732570,799,19 29 35 42 55 57
732574,800,01 07 11 37 38 56
732577,801,11 19 20 22 42 48
732581,802,06 14 18 24 48 60
732584,803,03 05 10 21 28 57
732588,804,03 13 37 47 56 59
732591,805,02 30 36 43 48 60
732596,806,18 26 35 41 47 60
732598,807,02 08 27 32 49 56
732602,808,02 15 21 31 46 57
732605,809,05 11 15 23 25 30
732609,810,01 04 05 33 37 48
732612,811,10 28 32 41 47 57
732616,812,11 13 38 39 54 57
732619,813,09 15 23 45 46 56
732623,814,02 08 11 41 46 50
732626,815,09 19 37 39 50 57
732631,816,20 21 30 40 47 52
732633,817,10 29 30 34 43 52
732637,818,08 09 22 25 41 44
732640,819,05 19 25 46 51 58
732644,820,10 17 21 32 45 46
732647,821,04 29 33 36 38 42
732651,822,04 10 17 27 41 52
732654,823,01 15 26 51 54 59
732658,824,06 07 09 20 33 48
732661,825,10 21 28 40 41 47
732664,826,06 07 08 27 45 53
732666,827,18 24 30 42 51 56
732668,828,23 28 38 42 50 53
732676,829,10 14 32 47 50 56
732679,830,02 13 41 49 51 53
732682,831,03 32 33 42 48 50
732686,832,15 17 23 33 39 49
732689,833,13 16 46 53 57 58
732693,834,10 16 17 34 44 51
732696,835,18 31 33 49 57 58
732700,836,17 22 28 38 52 59
732703,837,05 06 16 24 34 60
732707,838,09 23 30 38 44 47
732710,839,07 08 11 18 37 43
732714,840,17 29 31 35 43 59
732717,841,07 22 32 36 38 51
732721,842,07 09 30 44 51 60
732724,843,01 16 34 36 45 48
732731,844,16 24 34 44 54 57
732735,845,14 19 20 40 48 52
732738,846,02 03 44 47 50 54
732742,847,14 15 27 42 44 48
732745,848,17 27 32 34 47 56
732749,849,08 09 39 44 49 58
732752,850,07 22 25 44 59 60
732756,851,03 16 19 32 35 58
732759,852,06 14 23 34 38 44
732763,853,30 38 46 51 56 59
732766,854,03 17 24 25 27 44
732770,855,03 24 31 42 43 53
732773,856,11 15 40 41 42 47
732777,857,02 03 17 49 50 59
732780,858,04 18 23 31 37 54
732784,859,09 12 34 46 47 57
732789,860,02 08 17 22 42 44
732791,861,39 40 42 47 59 60
732794,862,02 08 11 12 19 35
732798,863,15 24 32 50 53 57
732801,864,08 11 31 33 42 57
732805,865,23 26 27 41 51 53
732808,866,05 27 36 40 46 48
732812,867,10 19 26 28 44 54
732815,868,21 22 25 40 51 57
732819,869,27 29 42 49 50 51
732822,870,08 21 34 40 43 52
732826,871,01 05 10 17 47 58
732829,872,05 18 31 43 55 58
732833,873,04 19 30 34 57 59
732836,874,10 20 42 44 52 59
732840,875,18 20 24 36 53 58
732843,876,04 08 12 41 45 60
732847,877,13 15 20 28 31 36
732850,878,11 12 37 38 43 54
732854,879,10 28 29 35 42 46
732857,880,25 30 37 46 49 51
732861,881,04 18 24 43 51 56
732864,882,17 41 42 44 45 60
732868,883,21 32 37 52 53 60
732871,884,02 11 12 14 22 39
732875,885,04 13 31 33 47 51
732878,886,17 33 37 50 55 59
732882,887,01 12 21 32 34 44
732885,888,24 40 50 52 54 60
732889,889,20 24 34 39 54 60
732892,890,07 09 17 21 22 54
732896,891,15 16 19 22 34 35
732899,892,01 19 42 44 49 52
732903,893,03 18 26 51 53 56
732906,894,20 24 28 37 41 44
732910,895,02 41 43 55 57 58
732913,896,05 11 22 31 35 41
732917,897,07 21 22 43 46 57
732920,898,03 04 08 30 45 54
732924,899,18 20 36 53 54 58
732927,900,04 18 21 34 38 59
732931,901,13 16 32 33 34 56
732934,902,18 23 50 52 55 58
732938,903,05 17 20 32 41 55
732941,904,32 44 48 51 53 59
732945,905,02 04 15 16 55 57
732948,906,07 14 24 29 35 39
732952,907,09 36 37 41 51 53
732955,908,01 09 19 25 50 52
732959,909,17 22 26 28 38 42
732962,910,03 15 27 29 36 53
732966,911,01 06 28 29 46 49
732969,912,04 19 21 26 29 54
732973,913,14 30 36 38 46 59
732976,914,09 12 23 33 45 51
732980,915,17 20 26 28 48 49
732983,916,05 28 33 36 37 38
732987,917,23 25 30 46 47 59
732990,918,04 08 12 38 44 52
732994,919,03 25 31 41 43 60
732997,920,05 17 24 52 55 57
733001,921,01 09 35 41 48 57
733004,922,12 13 19 41 45 49
733008,923,02 15 39 50 53 57
733011,924,02 20 21 27 51 60
733015,925,08 22 36 37 46 52
733018,926,21 33 34 40 41 59
733022,927,19 23 26 31 33 36
733025,928,04 10 32 33 49 60
733029,929,16 27 35 39 49 57
733032,930,20 28 37 46 49 55
733041,931,07 17 19 34 36 39
733046,932,02 17 21 36 42 53
733050,933,08 14 25 39 45 51
733053,934,01 03 21 25 44 48
733057,935,07 13 18 29 31 45
733060,936,05 14 22 29 33 44
733064,937,02 21 22 30 41 52
733067,938,15 27 35 50 57 59
733071,939,06 19 23 37 49 50
733074,940,05 25 31 33 37 51
733078,941,10 11 15 27 53 60
733081,942,05 08 18 42 52 59
733085,943,03 12 23 41 47 58
733088,944,16 37 43 52 58 59
733092,945,04 08 27 44 54 59
733095,946,01 05 12 47 52 59
733099,947,03 05 11 14 33 58
733102,948,22 41 44 46 52 54
733106,949,01 23 41 44 51 52
733109,950,23 41 42 48 49 59
733113,951,14 24 34 39 49 55
733116,952,02 11 18 27 30 54
733120,953,01 16 39 42 48 55
733123,954,05 08 18 24 33 57
733127,955,05 12 21 32 33 35
733130,956,46 47 51 54 57 59
733134,957,24 25 32 34 50 57
733137,958,07 13 22 33 48 51
733141,959,03 05 11 33 39 57
733144,960,06 18 19 33 34 53
733148,961,02 04 16 21 36 53
733151,962,02 11 40 48 49 55
733155,963,15 17 37 48 50 59
733158,964,08 13 20 26 33 42
733162,965,05 30 36 39 57 58
733165,966,01 04 26 28 41 58
733169,967,05 13 14 18 30 57
733172,968,01 04 13 30 51 60
733176,969,13 25 35 41 50 56
733179,970,05 21 28 34 54 57
733183,971,04 11 14 33 44 45
733186,972,15 18 31 33 34 56
733190,973,01 08 30 36 47 53
733193,974,12 16 20 31 38 45
733197,975,09 30 33 37 40 41
733200,976,14 23 25 28 38 53
733204,977,03 05 07 09 17 32
733207,978,12 16 18 27 42 58
733211,979,03 15 28 31 39 51
733214,980,15 17 29 35 36 59
733218,981,01 08 34 41 53 58
733221,982,08 12 24 40 43 49
733225,983,16 22 32 38 40 45
733228,984,04 10 20 43 46 47
733232,985,04 16 18 46 56 59
733235,986,06 15 19 24 31 32
733239,987,13 27 31 34 47 58
733242,988,08 17 46 48 56 60
733246,989,02 21 27 29 32 38
733249,990,02 10 15 18 29 39
733253,991,08 09 15 38 41 60
733256,992,01 04 06 08 25 28
733260,993,05 24 25 26 42 60
733263,994,03 20 29 40 44 58
733267,995,04 16 31 36 54 55
733270,996,07 15 20 21 23 29
733274,997,09 17 18 32 53 55
733277,998,03 04 21 22 28 32
733281,999,18 24 36 44 55 58
733284,1000,29 38 39 49 53 58
733288,1001,12 15 27 37 51 60
733291,1002,03 07 25 31 40 58
733295,1003,05 10 16 23 26 27
733298,1004,29 40 43 44 45 47
733302,1005,04 06 12 37 41 42
733305,1006,02 04 17 33 48 55
733309,1007,04 27 36 37 49 52
733312,1008,07 13 15 34 42 48
733316,1009,01 06 12 29 34 58
733319,1010,02 03 13 37 46 54
733323,1011,02 11 21 30 35 52
733326,1012,14 19 40 47 55 58
733330,1013,07 09 12 19 20 41
733333,1014,08 09 25 41 57 60
733337,1015,03 08 17 26 28 49
733340,1016,05 09 11 20 25 60
733344,1017,06 19 31 34 51 56
733347,1018,09 24 44 51 55 58
733351,1019,04 13 23 29 46 47
733354,1020,01 02 19 32 39 52
733358,1021,02 33 42 43 51 55
733362,1022,05 21 31 39 40 56
733365,1023,02 07 08 18 40 45
733368,1024,18 22 28 29 39 53
733372,1025,10 27 28 29 40 52
733375,1026,06 10 17 33 51 53
733379,1027,18 20 33 44 47 60
733382,1028,20 26 34 51 52 54
733386,1029,05 16 17 20 24 32
733389,1030,01 08 23 37 54 57
733393,1031,24 33 40 43 46 49
733396,1032,15 16 26 29 43 57
733400,1033,05 06 17 33 39 54
733403,1034,01 03 18 20 42 49
733407,1035,01 11 26 51 59 60
733410,1036,10 27 36 39 41 52
733414,1037,04 36 44 46 53 56
733417,1038,06 07 28 35 43 51
733421,1039,02 20 24 27 36 52
733424,1040,01 06 28 39 44 55
733428,1041,10 12 36 44 54 57
733431,1042,13 18 25 30 46 51
733435,1043,14 21 25 48 51 60
733438,1044,10 11 13 35 39 58
733442,1045,01 05 06 17 31 50
733445,1046,28 40 42 54 55 57
733449,1047,01 02 08 10 14 48
733452,1048,03 16 21 28 38 57
733456,1049,02 05 17 29 34 52
733459,1050,14 24 26 33 45 60
733463,1051,07 10 11 13 43 57
733466,1052,08 11 15 16 52 57
733470,1053,15 27 34 42 49 53
733473,1054,13 14 18 27 41 60
733477,1055,12 15 16 20 27 32
733480,1056,06 08 38 50 53 59
733484,1057,02 03 04 15 49 59
733487,1058,18 20 24 45 51 57
733491,1059,01 12 14 16 37 45
733494,1060,01 03 16 18 41 42
733498,1061,09 21 23 30 41 56
733501,1062,02 08 23 33 37 55
733505,1063,01 22 44 47 49 50
733508,1064,04 16 19 28 29 49
733512,1065,07 19 30 39 43 57
733515,1066,06 10 25 32 43 49
733519,1067,04 10 14 25 28 56
733522,1068,25 27 44 47 48 57
733526,1069,09 17 28 45 49 53
733529,1070,05 08 16 23 41 53
733533,1071,05 07 37 43 53 54
733536,1072,09 18 19 43 47 54
733540,1073,08 25 32 34 36 44
733543,1074,03 10 23 29 47 50
733547,1075,10 12 16 21 39 53
733550,1076,04 10 19 32 33 42
733554,1077,05 06 09 11 18 37
733557,1078,03 06 34 41 43 45
733561,1079,05 12 24 28 36 37
733564,1080,11 18 20 34 41 56
733568,1081,09 16 24 29 52 56
733571,1082,04 17 38 40 50 55
733575,1083,10 20 23 28 42 43
733578,1084,05 20 29 33 40 59
733582,1085,12 21 39 40 50 55
733585,1086,02 04 06 10 23 45
733589,1087,03 20 28 32 36 46
733592,1088,06 24 31 35 42 57
733596,1089,02 18 20 32 37 48
733599,1090,09 20 24 36 40 42
733603,1091,17 23 24 27 49 56
733606,1092,01 09 30 33 34 40
733610,1093,19 23 27 38 41 49
733613,1094,09 10 21 36 41 48
733617,1095,10 16 21 23 27 36
733620,1096,03 13 14 16 41 52
733624,1097,01 17 21 33 48 56
733627,1098,11 20 21 30 50 52
733631,1099,14 31 35 38 44 55
733634,1100,07 17 18 33 41 42
733638,1101,06 07 10 12 24 57
733641,1102,09 11 23 35 46 51
733645,1103,10 19 28 41 55 56
733648,1104,02 03 06 35 49 58
733652,1105,01 15 28 43 50 57
733655,1106,04 15 43 47 50 60
733659,1107,03 09 20 36 53 54
733662,1108,07 09 39 43 44 60
733666,1109,06 08 11 14 29 52
733669,1110,06 14 26 28 42 45
733673,1111,04 09 25 32 33 43
733676,1112,04 32 34 43 52 58
733680,1113,03 06 29 36 47 59
733683,1114,03 15 16 22 25 54
733687,1115,18 30 37 41 44 50
733690,1116,04 09 13 17 20 47
733694,1117,01 06 17 27 35 40
733697,1118,08 20 21 43 44 55
733701,1119,10 34 41 44 45 54
733704,1120,07 35 40 44 50 55
733708,1121,04 17 18 54 56 59
733711,1122,26 44 46 49 55 56
733715,1123,04 14 19 39 45 60
733718,1124,07 11 16 18 33 49
733722,1125,03 07 29 33 42 56
733725,1126,04 31 42 52 57 59
733729,1127,05 08 14 24 29 30
733732,1128,08 16 24 39 52 60
733736,1129,12 17 19 32 47 55
733739,1130,05 18 23 32 49 54
733743,1131,01 08 16 34 36 49
733746,1132,12 27 30 33 52 55
733750,1133,05 10 16 21 39 58
733753,1134,09 22 29 36 51 56
733757,1135,04 05 06 19 23 39
733760,1136,07 31 32 34 37 43
733763,1137,19 21 25 28 43 50
733765,1138,02 04 15 18 25 36
733767,1139,09 28 31 36 37 42
733772,1140,10 27 40 46 49 58
733774,1141,09 37 40 50 58 60
733778,1142,03 15 26 28 31 58
733781,1143,03 30 35 44 47 60
733785,1144,01 10 18 19 44 49
733788,1145,03 16 19 24 33 60
733792,1146,06 10 28 33 34 53
733795,1147,06 23 31 33 39 52
733799,1148,27 28 29 32 48 55
733802,1149,07 08 23 36 46 54
733806,1150,15 17 28 31 35 52
733809,1151,01 04 14 21 25 51
733813,1152,14 20 29 36 44 47
733816,1153,06 17 19 34 46 55
733820,1154,04 12 14 21 26 28
733823,1155,20 28 40 41 51 58
733827,1156,09 24 31 44 48 49
733830,1157,09 29 41 43 46 49
733834,1158,23 30 31 54 55 60
733837,1159,05 06 34 46 53 55
733841,1160,01 03 05 18 40 48
733844,1161,04 07 42 47 48 51
733848,1162,18 22 25 30 31 41
733851,1163,05 17 31 47 51 53
733855,1164,06 14 17 26 40 49
733858,1165,20 40 42 52 54 60
733862,1166,22 28 30 31 35 54
733865,1167,20 28 43 51 52 56
733869,1168,04 05 20 47 53 56
733872,1169,01 11 14 23 42 48
733876,1170,11 13 27 34 46 49
733879,1171,03 10 13 30 41 57
733882,1172,06 12 28 43 52 56
733886,1173,05 07 24 25 36 47
733890,1174,06 07 39 47 51 52
733892,1175,02 03 12 16 37 47
733897,1176,11 14 21 30 33 49
733900,1177,33 38 47 50 52 55
733904,1178,01 22 30 45 50 53
733907,1179,05 22 28 47 59 60
733911,1180,12 30 34 44 57 60
733914,1181,18 20 26 31 44 45
733918,1182,02 04 29 52 56 60
733921,1183,05 10 12 20 29 37
733925,1184,04 09 23 27 28 30
733928,1185,02 10 21 35 43 54
733932,1186,07 08 12 13 15 41
733935,1187,08 17 19 40 43 49
733939,1188,09 20 44 52 59 60
733942,1189,14 21 27 31 35 50
733946,1190,10 11 19 37 53 56
733949,1191,03 11 16 22 25 33
733953,1192,17 20 49 52 57 59
733956,1193,02 09 12 14 32 54
733960,1194,06 13 24 41 50 53
733963,1195,17 20 26 27 55 57
733967,1196,03 06 19 20 58 60
733970,1197,36 37 39 49 54 60
733974,1198,22 29 36 41 48 58
733977,1199,16 19 23 28 39 58
733981,1200,03 10 11 39 54 56
733984,1201,28 32 36 49 55 60
733988,1202,08 09 11 48 53 60
733991,1203,07 09 30 33 38 55
733995,1204,05 10 25 39 43 52
733998,1205,04 13 14 26 29 35
734002,1206,02 06 11 36 37 48
734005,1207,09 11 22 32 35 56
734009,1208,01 12 20 26 45 54
734012,1209,05 14 17 30 35 38
734016,1210,03 07 09 10 31 34
734019,1211,03 15 31 36 48 54
734023,1212,02 23 33 35 40 50
734026,1213,03 11 26 34 45 53
734030,1214,05 29 30 36 41 48
734033,1215,10 25 30 47 50 51
734037,1216,04 07 13 25 27 58
734040,1217,05 11 15 28 43 50
734044,1218,10 23 29 31 33 46
734047,1219,02 33 34 37 41 53
734051,1220,05 15 43 48 52 55
734054,1221,05 14 37 43 46 58
734058,1222,05 08 19 26 48 57
734061,1223,15 17 35 42 47 48
734065,1224,19 21 27 41 53 57
734068,1225,31 32 34 40 50 55
734072,1226,10 31 40 50 55 56
734075,1227,04 28 30 31 35 54
734079,1228,10 23 36 50 52 60
734082,1229,12 30 32 40 49 60
734086,1230,09 12 19 22 35 37
734089,1231,05 20 23 27 39 49
734093,1232,08 11 12 15 18 22
734096,1233,22 29 32 49 54 59
734100,1234,03 05 19 24 30 35
734103,1235,10 16 20 26 49 55
734107,1236,03 08 17 20 38 53
734110,1237,05 18 21 26 39 59
734114,1238,13 14 24 39 40 45
734117,1239,01 15 37 39 48 52
734121,1240,08 09 12 22 42 49
734124,1241,10 13 25 26 28 45
734126,1242,11 34 45 48 51 54
734128,1243,09 19 23 29 32 57
734130,1244,02 08 15 25 34 45
734137,1245,02 10 34 37 43 50
734142,1246,10 37 40 43 57 59
734145,1247,03 09 11 24 36 51
734149,1248,20 33 34 57 58 60
734152,1249,03 08 36 40 51 53
734156,1250,01 02 24 40 51 59
734159,1251,05 27 34 46 48 52
734163,1252,02 14 35 39 49 51
734166,1253,02 17 23 43 44 51
734170,1254,07 09 14 18 29 39
734173,1255,05 23 38 39 51 54
734177,1256,26 33 35 38 43 53
734180,1257,02 15 26 27 30 52
734184,1258,11 26 47 55 57 59
734187,1259,04 06 39 46 54 58
734191,1260,19 23 29 31 41 53
734194,1261,10 14 22 41 42 53
734198,1262,05 07 08 09 11 39
734201,1263,04 18 26 36 41 53
734205,1264,04 17 36 37 51 56
734208,1265,13 19 24 46 50 60
734212,1266,06 10 33 39 42 60
734215,1267,04 20 30 41 47 58
734219,1268,03 16 17 44 53 60
734222,1269,04 05 15 17 27 51
734226,1270,05 09 24 31 33 42
734229,1271,01 02 39 48 52 59
734233,1272,13 26 27 28 35 52
734236,1273,13 19 26 40 58 60
734240,1274,13 17 21 39 40 59
734243,1275,02 14 48 55 58 60
734247,1276,05 09 11 22 36 40
734250,1277,12 18 31 50 59 60
734254,1278,04 16 24 25 30 56
734257,1279,08 14 29 35 36 40
734261,1280,06 10 16 20 29 54
734264,1281,08 11 14 30 36 38
734268,1282,04 23 39 52 55 56
734271,1283,08 30 40 44 59 60
734275,1284,20 21 26 29 31 36
734278,1285,10 15 28 31 33 38
734282,1286,02 05 28 33 51 52
734285,1287,11 12 31 33 42 52
734289,1288,17 30 32 40 42 56
734292,1289,01 03 08 13 27 52
734296,1290,02 03 14 23 34 50
734299,1291,18 40 47 54 57 58
734303,1292,09 11 23 30 31 54
734306,1293,01 13 24 40 44 50
734310,1294,04 06 29 48 50 51
734313,1295,02 05 15 20 43 57
734317,1296,10 14 43 46 49 53
734320,1297,02 05 11 13 56 59
734324,1298,14 15 30 53 55 60
734327,1299,08 22 32 43 53 56
734331,1300,43 44 46 53 54 59
734334,1301,03 16 23 25 51 56
734338,1302,02 10 15 44 56 57
734341,1303,08 19 46 51 52 54
734345,1304,07 14 15 20 23 35
734348,1305,03 05 11 36 44 46
734352,1306,06 19 22 34 43 45
734355,1307,07 10 32 43 47 54
734358,1308,07 08 24 30 33 47
734360,1309,07 12 25 26 32 39
734362,1310,08 09 14 32 53 59
734366,1311,07 09 12 19 45 54
734369,1312,05 20 22 28 29 30
734373,1313,01 04 26 39 43 49
734376,1314,38 42 44 52 58 60
734380,1315,01 27 29 38 50 52
734383,1316,08 13 25 34 42 48
734388,1317,06 13 29 30 35 37
734390,1318,11 14 16 28 34 46
734394,1319,04 05 16 18 27 51
734397,1320,17 24 25 38 41 55
734401,1321,10 47 51 53 59 60
734404,1322,10 21 43 47 53 55
734408,1323,06 15 25 37 48 55
734411,1324,18 29 31 44 51 57
734415,1325,02 05 16 20 35 43
734418,1326,10 11 18 19 30 50
734423,1327,16 35 36 41 52 54
734425,1328,10 23 27 43 53 59
734429,1329,07 08 11 39 43 50
734432,1330,08 18 21 30 48 49
734436,1331,09 24 26 39 46 57
734439,1332,03 05 13 24 35 59
734444,1333,25 26 28 33 42 51
734446,1334,01 06 08 10 25 27
734450,1335,03 14 20 22 49 51
734453,1336,01 32 38 47 51 54
734457,1337,02 20 35 38 45 51
734460,1338,01 18 19 33 43 60
734464,1339,07 10 14 16 54 59
734467,1340,13 21 30 36 59 60
734471,1341,01 11 20 37 40 52
734474,1342,05 07 42 46 50 60
734478,1343,19 20 31 42 51 56
734481,1344,08 19 21 36 42 59
734485,1345,07 17 19 26 40 50
734488,1346,12 32 40 47 48 59
734491,1347,09 19 45 46 54 56
734493,1348,07 12 38 39 45 56
734495,1349,09 19 20 50 51 60
734502,1350,03 04 29 36 45 55
734506,1351,13 33 36 41 50 56
734509,1352,09 18 24 35 36 59
734513,1353,03 11 13 27 32 47
734516,1354,02 08 38 42 48 49
734520,1355,11 17 24 39 46 49
734523,1356,06 13 21 22 31 46
734527,1357,01 19 24 26 52 55
734530,1358,03 15 16 35 37 47
734534,1359,06 10 12 17 28 53
734537,1360,02 16 17 25 50 54
734541,1361,23 27 30 37 38 44
734544,1362,02 12 19 22 36 58
734548,1363,25 35 42 45 52 57
734551,1364,10 13 20 40 44 53
734555,1365,02 24 26 32 35 50
734558,1366,12 27 37 44 54 59
734563,1367,02 07 13 29 38 43
734565,1368,10 21 26 29 32 38
734569,1369,05 16 24 32 38 46
734572,1370,02 04 05 27 49 59
734576,1371,03 04 08 11 47 49
734579,1372,03 36 40 46 58 60
734583,1373,07 27 39 52 55 57
734586,1374,06 21 28 31 33 43
734590,1375,14 25 28 45 53 58
734593,1376,09 11 21 49 53 54
734597,1377,02 05 12 13 25 35
734600,1378,02 05 17 18 54 59
734604,1379,05 12 36 45 50 58
734607,1380,03 14 52 55 57 60
734611,1381,11 27 30 40 44 57
734613,1382,05 13 16 17 27 55
734618,1383,07 09 23 44 46 55
734621,1384,02 18 30 31 45 56
734625,1385,27 35 36 37 42 59
734628,1386,12 28 38 39 51 56
734632,1387,18 27 32 43 50 52
734635,1388,22 29 31 43 50 54
734639,1389,01 16 28 39 44 57
734642,1390,04 19 27 28 29 31
734646,1391,07 12 19 34 40 53
734649,1392,02 08 12 28 33 43
734653,1393,04 18 24 28 39 44
734656,1394,11 16 24 35 46 50
734660,1395,05 11 17 19 44 48
734663,1396,29 48 52 54 55 58
734667,1397,03 04 07 15 27 56
734670,1398,14 32 33 40 42 51
734674,1399,34 39 43 56 57 60
734677,1400,09 26 34 43 53 54
734681,1401,11 12 25 33 48 54
734684,1402,02 09 10 21 27 38
734688,1403,13 16 20 26 39 42
734691,1404,07 08 27 31 32 51
734695,1405,03 14 17 32 37 39
734698,1406,07 10 17 24 38 57
734702,1407,18 29 31 42 43 53
734705,1408,04 19 20 24 39 43
734709,1409,06 19 26 47 50 58
734712,1410,18 29 40 42 50 54
734716,1411,08 12 32 44 46 48
734719,1412,06 08 24 37 41 45
734722,1413,13 15 33 45 54 55
734724,1414,21 37 44 46 49 57
734726,1415,26 36 40 46 49 51
734730,1416,03 19 22 24 35 49
734733,1417,05 12 45 52 56 59
734737,1418,07 08 10 12 27 56
734740,1419,17 21 30 48 52 58
734744,1420,02 11 16 18 36 45
734747,1421,19 31 39 44 53 59
734751,1422,02 05 13 17 39 44
734754,1423,03 08 21 25 27 43
734758,1424,03 07 15 29 38 60
734761,1425,07 16 29 36 38 50
734765,1426,06 15 18 24 30 44
734768,1427,08 39 44 47 53 56
734772,1428,07 15 19 34 37 55
734775,1429,09 12 22 39 48 60
734779,1430,02 19 22 30 46 52
734782,1431,05 09 13 33 40 54
734786,1432,16 24 25 42 45 59
734789,1433,04 13 14 40 46 52
734793,1434,03 18 22 34 55 58
734796,1435,04 15 45 47 50 52
734800,1436,01 13 23 24 30 57
734803,1437,22 23 26 37 38 48
734807,1438,07 14 31 33 36 49
734810,1439,02 34 35 42 43 55
734814,1440,02 06 28 36 51 56
734817,1441,17 29 36 38 53 56
734821,1442,12 13 20 30 34 49
734824,1443,12 20 32 48 52 54
734828,1444,02 05 27 28 48 55
734831,1445,05 19 32 41 49 58
734835,1446,06 13 24 32 40 51
734838,1447,01 19 28 33 39 41
734842,1448,01 25 29 36 56 60
734845,1449,02 06 18 30 52 56
734849,1450,26 27 31 38 44 45
734852,1451,02 10 11 33 52 57
734855,1452,02 14 28 50 57 58
734857,1453,06 13 25 32 47 57
734859,1454,04 27 29 41 48 52
734868,1455,14 32 33 36 41 52
734870,1456,06 08 14 26 36 40
734873,1457,15 16 34 42 46 59
734877,1458,02 04 16 33 44 51
734880,1459,02 06 30 34 35 52
734884,1460,04 14 27 38 50 52
734887,1461,31 36 44 47 49 54
734891,1462,05 09 25 27 38 40
734894,1463,13 22 28 29 40 48
734898,1464,02 24 32 50 54 59
734901,1465,06 11 16 26 44 53
734905,1466,04 06 13 34 37 51
734908,1467,23 24 26 41 52 53
734912,1468,01 02 10 19 20 37
734915,1469,04 13 35 54 56 58
734919,1470,02 34 36 38 51 55
734922,1471,10 25 33 36 40 58
734926,1472,12 18 23 25 45 50
734929,1473,02 12 33 57 58 60
734933,1474,01 02 03 11 28 43
734936,1475,12 13 37 44 48 51
734940,1476,04 10 26 37 47 57
734943,1477,03 04 46 50 56 59
734947,1478,10 27 37 40 47 55
734950,1479,21 48 50 54 57 60
734954,1480,09 14 21 26 36 52
734957,1481,17 27 28 40 44 55
734961,1482,06 09 11 34 41 53
734964,1483,01 35 39 53 55 56
734968,1484,17 20 24 29 49 53
734971,1485,04 27 30 36 54 59
734975,1486,01 06 10 34 40 54
734978,1487,04 09 17 23 28 53
734982,1488,04 22 25 38 45 51
734985,1489,01 15 24 26 28 48
734990,1490,01 03 31 32 43 52
734992,1491,06 26 45 50 56 60
734996,1492,04 09 18 44 46 48
734999,1493,07 12 24 27 30 49
735003,1494,02 14 24 28 35 50
735006,1495,04 13 14 44 49 57
735010,1496,14 18 28 41 47 54
735013,1497,04 05 07 27 45 58
735017,1498,06 11 27 40 46 49
735020,1499,08 22 26 33 37 54
735024,1500,10 18 31 43 57 59
735027,1501,01 07 13 29 37 54
735031,1502,06 22 43 51 52 57
735034,1503,03 04 16 22 36 42
735038,1504,02 10 12 30 41 42
735041,1505,01 02 06 09 16 32
735045,1506,03 14 18 34 42 49
735048,1507,24 46 50 51 52 56
735052,1508,17 18 30 35 39 58
735055,1509,01 06 27 46 51 59
735059,1510,01 08 17 44 46 53
735062,1511,04 08 17 29 31 45
735066,1512,11 28 35 42 46 58
735069,1513,17 28 31 56 57 58
735073,1514,16 17 23 42 59 60
735076,1515,04 13 14 18 49 59
735080,1516,04 18 20 34 45 60
735083,1517,07 17 38 45 52 56
735086,1518,08 09 28 41 48 55
735088,1519,05 06 15 23 56 59
735090,1520,07 31 35 36 46 48
735094,1521,11 14 18 30 33 39
735097,1522,05 08 23 32 33 56
735101,1523,22 25 31 39 41 44
735104,1524,02 12 40 46 52 53
735108,1525,02 26 30 35 46 54
735111,1526,10 16 28 47 51 59
735115,1527,16 32 36 42 44 48
735117,1528,04 13 15 19 36 58
735122,1529,11 15 17 34 35 49
735125,1530,10 16 28 33 48 53
735129,1531,12 13 24 41 42 44
735132,1532,02 11 23 31 42 44
735136,1533,13 21 29 34 47 57
735139,1534,01 12 28 29 34 48
735143,1535,08 09 25 41 54 55
735146,1536,13 18 29 32 50 58
735150,1537,06 10 33 50 51 56
735152,1538,23 27 35 52 53 57
735157,1539,08 10 20 26 49 58
735160,1540,03 17 27 32 47 54
735164,1541,05 24 37 44 49 58
735167,1542,07 11 12 30 39 57
735171,1543,07 15 20 23 30 41
735173,1544,02 21 30 35 45 50
735178,1545,04 06 11 24 45 48
735181,1546,04 17 38 44 53 60
735185,1547,02 09 10 18 21 28
735188,1548,19 41 42 44 47 54
735192,1549,10 12 16 20 32 53
735195,1550,09 13 21 27 36 56
735199,1551,02 15 19 21 23 38
735202,1552,07 18 24 26 39 46
735206,1553,20 21 22 29 46 60
735209,1554,30 32 49 50 52 53
735213,1555,02 05 23 33 52 59
735216,1556,01 04 07 10 11 52
735219,1557,04 16 18 31 45 46
735221,1558,07 15 17 31 42 54
735223,1559,08 12 16 29 37 58
735233,1560,20 30 36 38 47 53
735235,1561,23 26 28 54 55 60
735237,1562,10 12 23 37 47 51
735242,1563,01 06 13 20 36 43
735244,1564,25 38 44 46 53 54
735248,1565,18 37 39 41 43 51
735251,1566,05 06 11 32 36 60
735255,1567,02 15 30 38 48 53
735258,1568,19 24 25 28 42 58
735262,1569,05 15 18 31 42 53
735265,1570,15 18 24 42 46 56
735269,1571,03 29 32 46 55 60
735272,1572,20 27 42 45 46 47
735276,1573,07 16 21 35 36 38
735279,1574,06 27 28 33 46 48
735283,1575,01 04 05 14 45 56
735286,1576,13 15 21 26 30 46
735290,1577,11 14 25 32 51 59
735293,1578,03 06 30 37 53 56
735297,1579,25 34 40 49 51 60
735300,1580,01 06 14 17 33 36
735304,1581,14 15 25 30 31 34
735307,1582,01 04 13 17 38 48
735311,1583,02 09 17 18 45 47
735314,1584,03 22 27 28 50 54
735318,1585,02 43 47 48 49 55
735321,1586,08 39 43 46 47 58
735325,1587,08 19 21 30 52 56
735328,1588,23 29 32 36 45 49
735332,1589,04 05 11 19 41 51
735335,1590,07 20 34 40 44 55
735339,1591,04 10 23 33 38 55
735342,1592,31 36 38 41 42 49
735346,1593,04 09 17 18 21 38
735349,1594,06 07 08 23 43 53
735353,1595,02 05 08 42 46 59
735356,1596,01 05 07 10 12 45
735360,1597,05 10 16 44 50 52
735363,1598,29 31 36 42 47 53
735367,1599,03 10 15 35 36 58
735370,1600,09 23 32 35 46 57
735374,1601,08 10 24 45 56 60
735377,1602,08 12 22 35 40 44
735381,1603,13 20 27 31 53 60
735384,1604,02 21 24 27 40 51
735388,1605,09 19 21 30 31 42
735391,1606,01 15 37 42 46 54
735395,1607,07 31 32 41 51 52
735398,1608,05 06 17 43 54 59
735402,1609,02 06 13 26 53 60
735405,1610,01 04 09 35 36 53
735409,1611,24 28 47 50 51 58
735412,1612,06 13 17 36 42 51
735416,1613,04 18 31 44 46 49
735419,1614,14 17 21 27 43 49
735423,1615,05 20 26 31 33 44
735426,1616,28 31 40 42 46 58
735430,1617,03 23 26 31 47 54
735433,1618,09 20 24 43 51 52
735437,1619,05 08 17 42 46 47
735440,1620,13 23 27 34 38 57
735444,1621,10 22 24 38 39 49
735447,1622,04 05 07 21 45 53
735450,1623,33 43 49 50 56 59
735452,1624,02 27 32 41 47 58
735454,1625,11 22 36 40 45 52
735458,1626,03 05 14 35 43 52
735461,1627,20 26 32 41 45 57
735465,1628,26 29 34 38 50 60
735468,1629,04 20 24 35 47 59
735472,1630,01 07 30 43 44 54
735475,1631,04 29 44 47 48 60
735479,1632,06 18 24 27 56 59
735482,1633,01 02 11 13 36 49
735486,1634,09 10 23 33 44 51
735489,1635,08 23 28 30 32 51
735493,1636,19 26 33 35 51 52
735496,1637,01 05 24 47 55 56
735500,1638,01 02 38 41 42 58
735503,1639,16 29 34 35 49 51
735507,1640,02 06 18 23 31 46
735510,1641,23 29 30 33 46 51
735514,1642,03 23 42 43 47 60
735517,1643,16 19 20 28 37 60
735521,1644,10 13 16 22 34 60
735524,1645,08 18 21 31 37 38
735528,1646,19 23 34 40 41 58
735531,1647,12 17 23 38 53 54
735535,1648,15 16 18 20 22 48
735538,1649,24 33 38 42 44 54
735542,1650,17 23 29 38 57 60
735545,1651,08 27 35 38 41 44
735549,1652,07 24 26 28 44 57
735551,1653,01 21 22 27 32 45
735556,1654,07 16 33 42 50 58
735559,1655,07 24 28 46 53 56
735563,1656,04 06 11 43 54 56
735566,1657,07 10 14 37 45 54
735570,1658,07 11 19 23 40 49
735573,1659,04 10 20 33 37 49
735577,1660,08 17 34 38 42 51
735580,1661,13 16 27 43 48 58
735584,1662,10 14 25 29 33 57
735587,1663,18 20 27 40 49 55
735591,1664,08 21 23 29 36 48
735598,1665,01 05 11 16 20 56
735601,1666,01 02 23 27 45 51
735605,1667,07 12 24 44 51 56
735608,1668,05 40 47 52 55 57
735612,1669,28 29 31 45 48 49
735615,1670,01 17 19 30 33 47
735619,1671,21 27 31 45 55 56
735622,1672,01 03 05 10 20 42
735626,1673,05 10 23 24 35 47
735629,1674,22 30 42 50 58 59
735633,1675,03 18 34 35 36 56
735636,1676,01 02 11 37 48 51
735640,1677,10 15 28 33 51 52
735643,1678,09 11 17 19 35 52
735647,1679,01 02 27 28 46 47
735650,1680,23 37 38 46 47 51
735654,1681,01 06 08 11 33 50
735657,1682,07 13 35 37 39 51
735661,1683,04 12 32 33 34 48
735664,1684,09 12 18 31 39 50
735668,1685,03 18 31 39 46 51
735671,1686,09 14 37 44 46 55
735675,1687,15 24 37 46 49 58
735678,1688,18 23 30 32 42 56
735682,1689,02 05 13 27 41 53
735685,1690,21 24 26 35 45 53
735689,1691,01 10 24 39 45 58
735692,1692,11 13 14 27 44 56
735696,1693,05 15 18 19 21 38
735699,1694,20 29 34 37 45 57
735703,1695,24 36 38 43 44 58
735706,1696,01 12 17 31 37 46
735710,1697,08 23 30 51 53 58
735713,1698,11 13 24 28 44 45
735717,1699,01 06 10 30 33 38
735720,1700,15 18 41 48 50 58
735723,1701,03 09 18 32 40 56
735725,1702,17 19 33 35 39 52
735727,1703,03 23 26 35 39 49
735731,1704,01 07 11 32 51 59
735734,1705,25 27 29 37 50 51
735738,1706,12 31 34 36 48 56
735741,1707,07 16 20 27 36 52
735745,1708,17 29 32 38 45 50
735748,1709,07 19 30 35 42 47
735752,1710,07 21 28 56 58 59
735755,1711,22 26 38 39 45 50
735759,1712,02 12 19 29 50 59
735762,1713,03 10 16 23 27 29
735766,1714,02 08 24 36 51 52
735769,1715,16 20 35 40 53 60
735773,1716,02 25 36 41 42 53
735776,1717,02 09 16 37 44 58
735780,1718,04 30 31 32 47 53
735783,1719,01 22 31 34 44 54
735786,1720,18 23 31 39 49 57
735788,1721,04 12 19 33 36 38
735790,1722,09 23 39 41 49 58
735794,1723,14 27 30 46 52 60
735797,1724,27 33 37 39 58 60
735801,1725,16 18 26 30 31 34
735804,1726,03 10 42 49 54 57
735808,1727,04 06 19 20 40 41
735811,1728,03 08 28 39 42 59
735814,1729,07 14 23 43 44 53
735816,1730,01 10 17 24 42 51
735818,1731,05 18 27 43 49 59
735822,1732,25 34 38 45 53 60
735825,1733,03 05 09 14 41 46
735829,1734,12 17 25 29 41 52
735832,1735,06 16 33 34 45 46
735836,1736,12 13 24 29 32 41
735839,1737,05 08 42 50 51 59
735843,1738,12 28 37 46 48 53
735846,1739,09 10 17 32 34 46
735850,1740,10 15 25 38 47 53
735853,1741,15 18 20 32 48 49
735857,1742,11 19 21 23 27 52
735860,1743,04 10 29 31 34 35
735864,1744,09 12 14 29 42 56
735867,1745,09 13 18 47 52 60
735871,1746,06 18 37 40 41 58
735874,1747,06 33 34 48 53 59
735878,1748,02 10 13 41 49 53
735881,1749,03 13 14 29 33 43
735884,1750,15 17 20 31 41 48
735886,1751,15 22 23 42 51 57
735888,1752,09 36 37 53 55 60
735892,1753,08 15 29 35 45 54
735895,1754,20 27 30 31 40 53
735899,1755,02 05 08 18 30 48
735902,1756,06 13 14 28 35 45
735906,1757,13 25 28 37 43 56
735909,1758,06 11 16 23 36 42
735912,1759,02 14 21 22 51 60
735915,1760,10 24 25 36 47 48
735916,1761,09 10 36 50 53 55
735920,1762,26 32 42 45 55 59
735923,1763,09 12 15 21 31 36
735927,1764,06 07 29 39 41 55
735930,1765,01 06 28 37 56 58
735934,1766,22 23 41 46 53 60
735937,1767,16 26 35 39 44 45
735941,1768,05 07 11 34 35 50
735944,1769,32 37 44 47 54 60
735948,1770,11 26 27 30 34 41
735951,1771,02 20 27 28 32 38
735954,1772,12 19 27 39 41 45
735956,1773,15 30 39 41 45 59
735958,1774,01 12 20 30 52 60
735963,1775,02 18 31 42 51 56
735965,1776,10 11 14 19 39 48
735969,1777,04 19 38 44 52 55
735972,1778,04 10 38 40 45 48
735975,1779,12 25 30 39 56 57
735977,1780,06 20 22 31 33 34
735979,1781,01 08 22 49 52 53
735983,1782,06 18 34 47 52 57
735986,1783,04 06 16 18 21 38
735990,1784,04 15 26 30 54 55
735993,1785,05 11 27 41 42 54
735996,1786,02 06 08 21 25 34
735998,1787,01 05 13 25 26 29
736000,1788,03 13 42 45 56 59
736004,1789,06 25 43 57 58 59
736007,1790,11 13 26 27 28 50
736011,1791,12 18 46 50 53 55
736014,1792,02 16 17 18 41 47
736018,1793,13 14 22 54 56 58
736021,1794,01 05 34 37 40 60
736025,1795,30 42 47 50 55 58
736028,1796,22 23 34 48 53 54
736031,1797,02 13 14 35 54 57
736033,1798,02 09 23 28 45 53
736035,1799,01 03 04 39 51 53
736039,1800,06 11 16 19 31 56
736042,1801,06 19 34 43 45 54
736046,1802,02 06 13 14 17 44
736049,1803,04 08 29 38 49 50
736053,1804,20 21 28 48 50 59
736056,1805,17 22 27 31 49 57
736060,1806,11 20 35 42 55 58
736063,1807,01 15 16 22 25 43
736067,1808,02 14 20 25 41 45
736070,1809,09 12 23 24 46 54
736074,1810,01 10 25 43 50 56
736077,1811,05 17 32 35 37 57
736081,1812,20 23 32 34 37 45
736084,1813,09 11 13 15 19 51
736087,1814,09 11 27 46 51 53
736089,1815,08 11 25 39 41 60
736091,1816,05 10 12 22 28 46
736095,1817,01 04 26 39 47 55
736098,1818,02 06 10 15 53 56
736102,1819,17 18 26 30 33 37
736105,1820,03 19 23 27 40 45
736109,1821,19 22 31 36 52 53
736112,1822,01 22 26 43 50 53
736116,1823,04 09 21 34 54 59
736119,1824,05 06 12 19 30 60
736122,1825,10 11 21 50 51 54
736124,1826,17 19 32 43 48 51
736126,1827,26 33 42 43 53 54
736130,1828,06 11 32 40 48 59
736133,1829,07 13 24 30 32 53
736137,1830,03 07 29 37 54 60
736140,1831,15 27 28 32 48 55
736144,1832,14 34 46 47 56 57
736147,1833,02 03 07 16 27 42
736151,1834,02 17 22 24 48 51
736154,1835,08 28 36 47 50 58
736157,1836,08 15 18 45 59 60
736159,1837,41 44 48 50 54 57
736161,1838,05 08 24 30 57 59
736165,1839,07 22 28 32 56 58
736168,1840,15 17 33 41 47 48
736172,1841,03 06 13 38 49 51
736175,1842,16 18 22 24 34 43
736179,1843,08 26 28 33 41 54
736182,1844,03 04 37 39 48 50
736185,1845,03 09 13 29 30 51
736187,1846,06 24 26 30 34 49
736189,1847,01 06 45 49 50 57
736193,1848,09 40 41 50 55 58
736196,1849,03 05 11 27 35 44
736200,1850,23 24 32 38 40 41
736203,1851,08 18 21 22 35 37
736207,1852,13 17 29 45 49 50
736210,1853,01 02 34 39 41 45
736215,1854,25 30 31 34 43 59
736217,1855,06 10 15 24 38 39
736221,1856,02 09 14 22 32 37
736224,1857,13 23 25 35 52 53
736227,1858,22 28 30 33 55 59
736229,1859,01 13 14 21 26 51
736231,1860,10 30 36 40 44 60
736235,1861,02 04 09 35 45 60
736238,1862,02 08 35 42 49 56
736242,1863,16 23 45 56 58 59
736245,1864,04 05 14 37 40 60
736250,1865,01 05 31 32 37 42
736252,1866,14 17 36 38 44 60
736255,1867,03 10 17 21 22 43
736257,1868,01 05 23 25 28 31
736259,1869,11 23 24 26 40 52
736263,1870,18 20 30 32 33 40
736266,1871,03 11 17 33 52 58
736271,1872,11 13 25 39 46 56
736273,1873,05 25 28 41 53 54
736276,1874,10 28 37 43 44 47
736278,1875,01 45 47 52 53 55
736280,1876,07 18 39 41 44 51
736284,1877,13 16 23 24 32 35
736287,1878,12 16 26 40 56 57
736291,1879,05 10 20 57 58 59
736294,1880,05 16 19 37 51 56
736298,1881,03 10 30 44 53 56
736301,1882,09 10 19 35 37 41
736305,1883,16 27 28 47 59 60
736308,1884,01 04 23 32 38 59
736312,1885,07 14 18 23 32 59
736315,1886,03 07 15 40 45 54
736318,1887,11 23 34 41 46 56
736320,1888,01 10 17 18 45 48
736322,1889,16 23 25 28 30 44
736329,1890,05 11 22 24 51 53
736333,1891,01 03 19 23 47 58
736336,1892,06 17 22 30 37 50
736340,1893,16 17 19 28 45 58
736343,1894,21 31 35 53 54 57
736347,1895,02 03 05 10 15 34
736350,1896,03 06 14 15 21 25
736354,1897,09 22 25 47 52 58
736357,1898,12 34 45 53 55 58
736361,1899,20 23 35 36 44 48
736364,1900,08 11 27 28 43 46
736368,1901,11 12 26 30 37 53
736371,1902,02 07 09 18 21 25
736375,1903,09 10 15 28 43 45
736378,1904,12 15 18 21 51 56
736381,1905,29 35 43 54 56 57
736383,1906,06 27 33 39 40 60
736385,1907,03 25 35 38 44 48
736389,1908,04 10 13 23 27 57
736392,1909,11 40 43 45 47 57
736396,1910,06 09 15 22 39 48
736399,1911,16 18 23 30 32 33
736403,1912,10 13 33 35 36 42
736406,1913,04 14 17 43 52 56
736410,1914,16 29 33 39 42 44
736413,1915,02 20 21 33 48 57
736417,1916,03 09 18 23 50 52
736420,1917,04 21 25 33 36 46
736424,1918,16 17 20 22 38 50
736427,1919,11 28 37 45 54 60
736431,1920,25 31 33 39 43 45
736434,1921,10 15 16 19 28 35
736438,1922,20 22 36 38 41 43
736441,1923,09 34 42 45 46 59
736445,1924,12 16 30 52 53 58
736448,1925,01 17 38 43 45 47
736452,1926,02 03 14 20 30 46
736455,1927,05 11 13 19 30 31
736458,1928,10 26 28 51 53 59
736460,1929,03 10 23 36 43 52
736462,1930,04 17 18 37 52 56
736466,1931,02 08 09 15 22 34
736469,1932,10 16 21 29 44 55
736473,1933,02 14 15 19 35 59
736476,1934,08 23 35 39 56 59
736480,1935,01 03 10 17 23 24
736483,1936,03 12 24 40 51 52
736487,1937,06 10 24 29 43 55
736490,1938,10 16 32 40 42 54
736494,1939,07 24 29 39 45 52
736497,1940,09 13 16 17 36 47
736501,1941,01 09 24 38 48 49
736504,1942,06 18 20 24 43 48
736508,1943,09 11 12 30 39 43
736511,1944,08 09 39 47 57 59
736514,1945,04 08 10 21 45 54
736516,1946,04 06 39 44 52 60
736518,1947,08 33 40 52 55 59
736522,1948,12 20 24 28 33 57
736525,1949,01 06 14 22 30 56
736529,1950,10 21 32 34 48 57
736532,1951,14 16 19 21 33 55
736536,1952,09 21 36 38 52 53
736539,1953,09 26 29 42 43 45
736543,1954,09 25 33 35 40 49
736546,1955,15 27 33 36 41 45
736549,1956,05 08 20 28 40 45
736551,1957,02 14 22 23 29 47
736553,1958,15 20 22 24 34 55
736557,1959,08 21 27 35 43 56
736560,1960,01 18 25 37 39 43
736564,1961,17 25 26 30 32 50
736567,1962,05 06 15 25 39 53
736571,1963,04 05 07 34 42 60
736574,1964,02 27 32 36 48 50
736578,1965,26 28 35 38 48 55
736581,1966,10 13 19 32 40 60
736585,1967,13 30 32 39 46 54
736588,1968,35 36 39 44 48 52
736591,1969,08 20 30 32 48 59
736593,1970,05 10 18 24 39 52
736595,1971,04 10 41 44 52 54
736599,1972,09 16 20 54 57 59
736602,1973,01 12 16 17 52 60
736606,1974,04 19 27 38 54 57
736609,1975,08 11 24 26 47 57
736613,1976,12 14 19 25 52 59
736616,1977,03 16 28 32 34 37
736619,1978,02 06 22 44 55 57
736621,1979,22 23 29 32 38 45
736623,1980,12 16 17 18 34 37
736627,1981,06 15 19 37 39 53
736634,1983,05 06 10 14 22 36
736637,1984,21 29 32 35 43 50
736640,1985,09 28 29 34 36 55
736642,1986,23 36 43 44 55 56
736644,1987,10 14 31 34 45 58
736649,1988,05 10 39 42 46 54
736651,1989,15 22 30 32 40 58
736655,1990,11 24 26 34 37 59
736658,1991,19 20 28 34 36 44
736662,1992,05 11 13 21 53 54
736665,1993,06 17 33 48 50 57
736669,1994,02 05 12 32 40 44
736672,1995,14 26 29 35 37 39
736676,1996,07 20 21 24 40 56
736679,1997,01 07 14 31 35 46
736682,1998,08 21 24 25 52 57
736684,1999,15 37 38 42 49 50
736694,2000,03 06 10 17 34 37
736697,2001,20 22 36 42 52 60
736700,2002,04 28 30 38 46 59
736704,2003,28 34 40 43 50 51
736707,2004,01 05 14 23 35 45
736711,2005,11 19 22 33 34 53
736714,2006,01 09 14 20 25 54
736718,2007,04 14 39 41 54 58
736721,2008,22 27 33 42 58 59
736725,2009,01 37 44 46 48 50
736728,2010,08 10 18 34 39 56
736731,2011,02 28 32 35 54 58
736733,2012,08 11 27 35 36 51
736735,2013,06 23 30 36 53 56
736739,2014,16 32 40 46 53 56
736742,2015,17 18 27 32 39 58
736746,2016,04 11 17 18 21 48
736749,2017,02 10 11 24 38 56
736753,2018,11 22 25 27 55 59
736756,2019,23 41 46 52 54 59
736760,2020,02 36 46 48 57 60
736763,2021,07 14 32 37 40 60
736767,2022,04 28 45 48 52 60
736770,2023,01 06 07 08 23 56
736774,2024,16 20 23 29 35 47
736777,2025,04 24 46 52 55 56
736781,2026,10 23 31 33 51 52
736784,2027,11 15 29 37 39 44
736788,2028,07 11 24 36 42 58
736791,2029,06 15 18 33 37 40
736795,2030,04 27 38 40 58 59
736798,2031,18 23 37 39 50 55
736801,2032,06 14 19 20 39 53
736804,2033,10 18 33 38 40 43
736809,2034,06 07 13 17 22 56
736812,2035,30 35 36 38 49 52
736816,2036,07 08 19 23 27 58
736819,2037,14 16 23 30 45 60
736822,2038,06 25 26 35 38 40
736824,2039,06 12 22 28 31 44
736826,2040,06 09 41 54 56 58
736830,2041,10 12 22 25 42 54
736833,2042,14 22 29 32 33 35
736837,2043,21 38 53 56 57 58
736840,2044,07 14 47 54 56 60
736844,2045,15 25 27 45 46 50
736847,2046,03 06 11 27 28 46
736851,2047,01 18 19 29 44 54
736854,2048,10 19 26 35 38 39
736858,2049,10 19 27 31 51 53
736861,2050,08 31 32 33 38 50
736865,2051,01 05 06 37 44 53
736868,2052,50 51 56 57 58 59
736872,2053,12 22 27 37 40 55
736875,2054,04 07 12 22 26 39
736878,2055,06 25 35 43 46 53
736880,2056,18 22 29 34 36 47
736882,2057,10 13 20 37 38 54
736886,2058,04 19 23 29 56 59
736889,2059,04 05 36 40 44 56
736893,2060,08 09 11 25 39 41
736896,2061,33 36 40 44 45 54
736900,2062,08 10 15 23 25 34
736903,2063,06 10 19 24 25 29
736907,2064,10 14 36 53 55 60
736910,2065,04 11 20 30 37 43
736914,2066,06 25 27 35 45 55
736917,2067,02 11 13 26 32 59
736920,2068,03 05 09 40 42 47
736922,2069,03 17 34 35 40 48
736924,2070,05 26 27 34 42 48
736928,2071,24 33 34 35 46 60
736931,2072,10 12 13 20 22 54
736935,2073,12 15 18 30 52 55
736938,2074,08 18 23 37 42 58
736942,2075,07 09 23 33 57 59
736945,2076,05 06 12 15 22 43
736949,2077,13 16 26 35 37 39
736952,2078,02 11 15 30 36 39
736955,2079,01 02 14 37 55 58
736957,2080,10 22 40 46 55 58
736959,2081,13 18 35 40 41 42
736963,2082,06 25 33 42 48 49
736966,2083,01 18 19 33 56 60
736970,2084,07 20 26 37 38 39
736973,2085,12 21 25 37 38 49
736977,2086,04 35 43 46 47 53
736980,2087,02 18 19 23 34 53
736984,2088,03 14 24 27 38 56
736987,2089,05 10 32 38 48 49
736990,2090,08 11 18 37 40 51
736992,2091,10 11 12 37 38 59
736994,2092,11 13 15 17 22 27
736998,2093,08 14 27 34 52 54
737001,2094,04 16 19 31 33 44
737005,2095,16 29 35 43 49 56
737008,2096,06 11 13 19 24 51
737012,2097,09 24 28 45 49 51
737015,2098,02 08 18 27 38 60
737019,2099,05 15 20 27 30 58
737022,2100,01 10 11 13 35 49
737026,2101,02 08 18 37 56 58
737029,2102,04 06 17 34 51 57
737032,2103,03 13 40 44 46 50
737034,2104,02 10 12 27 45 56
737036,2105,11 13 16 24 31 46
737040,2106,03 27 36 39 40 43
737043,2107,08 38 44 50 56 60
737046,2108,19 22 29 41 44 59
737048,2109,04 12 16 34 44 49
737059,2110,05 10 12 18 25 33
737061,2111,01 41 44 46 54 58
737064,2112,17 39 43 46 52 53
737068,2113,11 14 21 25 46 50
737071,2114,17 25 30 35 42 57
737074,2115,04 19 27 35 40 44
737076,2116,01 09 19 21 34 54
737078,2117,04 28 29 30 43 52
737082,2118,11 12 20 40 41 46
737085,2119,19 21 26 31 42 49
737089,2120,13 20 24 25 38 41
737092,2121,08 10 17 29 37 40
737096,2122,03 11 15 21 27 49
737099,2123,14 15 47 50 56 59
737103,2124,02 11 20 31 43 47
737106,2125,01 31 44 46 53 58
737110,2126,07 12 24 27 39 58
737113,2127,01 07 28 30 44 46
737116,2128,11 16 24 46 54 55
737118,2129,06 12 31 32 46 60
737120,2130,13 16 36 53 54 55
737124,2131,02 03 06 18 20 28
737127,2132,05 18 30 35 39 60
737131,2133,19 20 26 51 52 57
737134,2134,06 21 34 46 54 59
737138,2135,09 23 28 40 48 59
737141,2136,01 08 11 22 30 35
737145,2137,01 02 11 12 34 49
737148,2138,04 13 14 21 30 34
737152,2139,14 23 29 41 57 58
737155,2140,17 20 26 36 42 54
737159,2141,10 11 17 19 37 41
737162,2142,07 40 44 50 52 57
737166,2143,02 12 35 51 57 58
737169,2144,07 16 21 33 55 60
737173,2145,06 08 28 51 53 59
737176,2146,16 18 31 39 42 44
737181,2147,17 19 37 41 42 49
737183,2148,08 15 32 33 58 59
737187,2149,21 23 37 44 46 48
737190,2150,23 24 26 38 42 49
737194,2151,02 14 18 29 36 38
737197,2152,26 29 36 49 50 59
737201,2153,08 13 28 31 32 33
737204,2154,07 25 41 47 50 53
737208,2155,02 06 27 37 44 47
737211,2156,01 06 23 26 39 49
737215,2157,31 33 34 35 39 48
737218,2158,09 27 35 45 46 59
737222,2159,14 26 35 38 45 53
737225,2160,01 19 46 47 49 53
737229,2161,08 09 10 24 42 44
737232,2162,11 16 22 30 34 42
737236,2163,08 18 20 24 36 45
737239,2164,16 17 25 47 48 58
737243,2165,05 37 43 49 54 56
737246,2166,03 19 34 44 56 58
737249,2167,27 37 38 43 45 54
737251,2168,01 04 25 27 29 37
737253,2169,07 34 45 51 54 59
737257,2170,10 21 24 36 38 51
737260,2171,12 13 19 36 44 55
737264,2172,09 24 28 37 43 57
737267,2173,02 09 42 44 48 50
737271,2174,10 15 34 36 56 60
737274,2175,07 25 32 43 53 55
737277,2176,08 23 25 39 43 44
737279,2177,09 11 14 31 48 51
737281,2178,02 16 21 42 50 56
737285,2179,02 13 24 35 50 54
737288,2180,10 12 16 21 28 38
737292,2181,01 08 19 33 36 48
737295,2182,19 22 39 46 47 59
737299,2183,13 26 30 34 43 51
737302,2184,15 36 45 51 52 59
737306,2185,09 18 19 22 42 47
737311,2186,12 18 19 27 41 46
737313,2187,10 11 16 21 46 50
737316,2188,02 17 21 28 51 60
737320,2189,04 11 16 22 29 33
737323,2190,05 09 20 25 35 53
737326,2191,04 08 26 33 46 53
737328,2192,07 16 37 53 57 59
737330,2193,07 08 22 27 29 42
737334,2194,08 16 20 21 31 34
737337,2195,14 24 32 38 46 53
737341,2196,01 25 27 28 41 56
737346,2197,03 11 29 35 44 57
737348,2198,01 11 34 36 44 56
737351,2199,15 23 30 35 38 44
737354,2200,11 15 28 36 43 55
737356,2201,03 13 23 41 49 53
737358,2202,11 29 37 38 43 60
737362,2203,17 34 46 49 50 57
737367,2204,01 28 29 32 35 56
737369,2205,12 21 28 37 42 57
737372,2206,06 27 38 42 45 57
737376,2207,06 10 11 43 53 55
737379,2208,16 25 30 40 45 49
737383,2209,22 25 28 32 33 47
737386,2210,11 17 24 25 33 34
737390,2211,27 36 40 41 44 54
737393,2212,23 26 51 52 53 58
737397,2213,05 07 10 32 46 60
737400,2214,04 10 18 30 34 47
737404,2215,01 19 21 23 33 43
737407,2216,10 24 42 43 48 49
737410,2217,10 14 16 30 32 36
737412,2218,06 16 22 38 48 52
737414,2219,08 28 36 45 57 59
737424,2220,03 35 38 40 57 58
737428,2221,05 23 34 45 56 57
737432,2222,13 14 29 30 48 59
737435,2223,02 26 40 42 49 56
737439,2224,16 23 32 50 52 58
737442,2225,01 32 37 44 46 47
737445,2226,02 04 07 16 30 38
737447,2227,06 09 12 27 32 57
737449,2228,09 19 23 32 39 45
737453,2229,06 11 29 40 41 58
737456,2230,07 17 26 39 56 60
737460,2231,04 13 25 40 53 57
737463,2232,07 08 31 34 38 47
737467,2233,04 06 32 35 41 45
737470,2234,04 21 27 29 42 47
737474,2235,14 18 30 35 55 57
737477,2236,07 20 38 43 45 53
737482,2237,11 20 27 28 53 60
737484,2238,11 36 45 55 57 58
737488,2239,07 27 31 39 45 46
737491,2240,07 09 10 19 25 58
737494,2241,01 13 18 26 40 56
737496,2242,05 09 18 24 25 42
737498,2243,14 18 28 35 38 54
737502,2244,03 05 11 34 37 42
737505,2245,11 14 15 18 33 34
737509,2246,05 09 24 27 33 46
737512,2247,01 42 44 47 48 53
737516,2248,09 15 20 29 30 42
737519,2249,04 09 31 47 49 53
737523,2250,27 33 39 52 57 58
737526,2251,05 15 22 26 54 58
737530,2252,01 17 30 37 46 50
737533,2253,31 32 33 39 52 55
737537,2254,04 09 24 44 47 56
737540,2255,15 20 39 41 49 57
737544,2256,09 10 30 37 47 54
737547,2257,18 21 30 31 34 51
737550,2258,01 05 07 14 23 26
737552,2259,20 27 41 54 56 58
737554,2260,12 14 34 35 37 47
737558,2261,07 23 26 27 29 51
737561,2262,07 08 14 23 30 46
737565,2263,09 24 33 43 49 57
737568,2264,02 03 08 19 29 37
737572,2265,14 20 23 39 46 50
737575,2266,10 23 31 37 58 59
737579,2267,20 32 33 48 49 53
737582,2268,04 13 23 28 30 52
737586,2269,01 11 14 23 29 55
737589,2270,14 16 38 39 41 48
737593,2271,06 10 27 28 41 52
737596,2272,02 05 11 24 41 49
737600,2273,15 16 20 38 40 58
737603,2274,08 11 17 33 40 55
737607,2275,02 04 25 36 50 53
737610,2276,05 15 18 27 49 57
737614,2277,10 22 23 37 53 60
737617,2278,08 17 34 37 43 45
737620,2279,05 12 14 20 27 28
737622,2280,28 29 31 50 58 59
737624,2281,14 27 35 40 50 55
737628,2282,12 27 30 36 45 52
737631,2283,04 24 37 43 59 60
737635,2284,04 10 12 14 36 46
737638,2285,01 07 10 12 33 42
737642,2286,09 21 30 41 42 43
737645,2287,02 04 06 29 41 56
737648,2288,02 26 35 39 40 56
737650,2289,06 09 34 37 38 45
737652,2290,05 18 36 44 57 60
737656,2291,12 26 31 36 37 49
737659,2292,06 16 18 33 42 57
737663,2293,01 02 10 37 42 48
737666,2294,09 15 20 33 41 43
737670,2295,06 13 26 28 35 41
737673,2296,01 06 21 29 36 59
737677,2297,20 22 35 40 41 59
737680,2298,13 17 21 31 41 49
737683,2299,02 03 19 40 44 60
737685,2300,09 21 37 39 43 54
737687,2301,17 18 35 36 47 52
737691,2302,18 22 25 27 43 44
737694,2303,03 07 17 20 48 50
737698,2304,12 21 29 54 56 57
737701,2305,07 16 22 38 55 57
737705,2306,03 19 28 33 57 58
737708,2307,16 33 38 46 53 55
737712,2308,09 13 26 38 58 60
737715,2309,09 11 29 30 33 60
737718,2310,13 17 28 29 42 53
737720,2311,03 05 09 35 43 60
737722,2312,03 27 39 46 47 60
737726,2313,03 20 26 45 49 58
737729,2314,06 07 28 42 45 49
737733,2315,01 10 17 26 30 53
737736,2316,02 11 43 49 52 56
737740,2317,03 08 30 33 35 48
737743,2318,28 44 52 54 58 60
737747,2319,06 17 25 35 40 49
737750,2320,06 30 35 39 42 48
737754,2321,14 25 28 41 43 46
737757,2322,02 05 10 29 34 41
737761,2323,20 27 35 39 50 59
737764,2324,02 16 19 31 43 60
737767,2325,33 34 37 46 52 60
737769,2326,10 16 27 34 36 57
737771,2327,30 37 45 54 57 58
737775,2328,08 11 14 39 48 53
737778,2329,12 14 28 42 45 55
737790,2330,17 20 22 35 41 42
737792,2331,11 13 16 36 53 57
737796,2332,12 33 35 36 44 52
737799,2333,09 16 31 41 53 55
737803,2334,04 13 20 22 25 60
737806,2335,09 18 23 42 47 49
737810,2336,08 10 20 27 28 50
737813,2337,02 09 34 49 51 55
737816,2338,08 21 23 34 42 47
737818,2339,04 18 29 47 48 59
737820,2340,16 21 28 41 49 51
737824,2341,04 09 31 32 42 46
737827,2342,17 20 24 27 40 60
737831,2343,04 31 42 45 49 56
737834,2344,11 17 25 38 52 57
737838,2345,07 16 19 22 28 55
737841,2346,03 04 11 40 42 58
737845,2347,08 09 17 30 58 60
737848,2348,02 03 07 48 51 54
737852,2349,05 10 25 32 49 54
737855,2350,25 28 29 34 41 45
737859,2351,19 22 35 41 47 49
737862,2352,09 17 38 41 49 55
737866,2353,03 19 34 41 48 53
737869,2354,06 18 25 30 42 54
737873,2355,07 30 31 41 50 56
737876,2356,03 10 25 36 51 58
737880,2357,19 28 30 34 40 51
737883,2358,05 09 11 16 43 57
737886,2359,31 32 39 42 43 51
737888,2360,10 15 21 24 29 45
737890,2361,14 21 22 29 35 46
737894,2362,03 20 22 32 35 50
737897,2363,06 14 24 34 39 58
737902,2364,20 33 42 44 51 56
737904,2365,01 17 28 37 44 50
737908,2366,04 27 33 35 38 41
737910,2367,05 23 29 34 53 60
737914,2368,04 07 13 25 36 58
737916,2369,04 09 17 19 37 60
737918,2370,07 31 37 42 44 56
737922,2371,04 15 30 36 39 48
737925,2372,03 19 25 44 46 57
737929,2373,23 24 26 44 49 60
737932,2374,12 13 25 37 39 41
737936,2375,02 06 44 46 53 58
737939,2376,12 14 17 18 19 22
737943,2377,05 18 29 35 43 44
737946,2378,11 37 38 41 49 54
737950,2379,02 08 26 32 46 56
737953,2380,11 16 20 24 39 53
737957,2381,07 23 32 41 42 47
737960,2382,06 09 19 38 53 55
737964,2383,13 15 16 20 40 41
737967,2384,09 13 22 25 26 31
737970,2385,12 24 32 37 43 60
737972,2386,11 13 16 35 49 50
737974,2387,08 26 30 31 38 48
737978,2388,08 30 33 37 45 48
737981,2389,16 30 37 39 40 51
737985,2390,09 13 20 22 32 56
737988,2391,05 08 13 27 36 50
737992,2392,11 15 23 25 34 53
737995,2393,26 27 28 32 38 51
737999,2394,05 16 25 36 42 44
738002,2395,04 11 12 44 45 57
738006,2396,02 03 25 39 42 49
738009,2397,06 14 20 39 46 48
738012,2398,08 17 30 36 54 59
738014,2399,27 35 42 44 51 52
738016,2400,09 21 25 26 36 53
738020,2401,08 11 13 33 38 48
738023,2402,06 22 25 29 30 60
738027,2403,10 12 14 32 33 34
738030,2404,01 19 35 40 47 54
738034,2405,21 38 48 49 53 59
738037,2406,08 12 29 43 54 60
738041,2407,13 17 31 43 54 55
738044,2408,04 29 30 38 43 57
738048,2409,02 29 39 49 52 58
738051,2410,07 10 27 35 43 59
738055,2411,07 26 29 34 43 44
738058,2412,09 16 34 36 49 60
738061,2413,03 22 37 40 41 48
738063,2414,04 05 06 14 29 38
738065,2415,10 12 26 29 35 60
738069,2416,06 07 11 26 37 57
738072,2417,03 07 10 11 27 46
738076,2418,02 11 19 27 57 60
738079,2419,10 35 43 48 50 53
738082,2420,05 08 29 39 44 60
738084,2421,02 03 32 35 48 57
738086,2422,02 07 10 20 30 46
738090,2423,16 18 38 48 51 60
738093,2424,03 16 17 37 38 53
738097,2425,10 31 38 46 49 54
738100,2426,05 11 24 27 32 57
738104,2427,03 19 25 37 44 56
738107,2428,03 09 25 28 29 39
738111,2429,11 37 53 55 56 60
738114,2430,19 26 39 45 46 56
738118,2431,08 11 22 25 26 36
738121,2432,07 29 38 40 44 52
738125,2433,08 09 32 52 53 57
738128,2434,01 02 14 28 40 51
738131,2435,05 22 30 32 33 36
738133,2436,05 15 28 32 38 54
738135,2437,01 19 41 46 48 55
738139,2438,04 11 19 25 37 55
738142,2439,02 08 34 38 47 51
738155,2440,12 15 23 32 33 46
738160,2441,09 41 42 46 47 54
738163,2442,02 07 09 25 41 49
738167,2443,01 05 12 13 17 31
738170,2444,15 17 20 35 37 43
738174,2445,11 25 32 37 47 56
738177,2446,01 13 27 41 51 58
738180,2447,13 19 29 42 49 52
738182,2448,18 30 32 35 40 48
738184,2449,14 20 21 31 49 52
738188,2450,02 06 11 15 17 39
738191,2451,13 26 31 46 51 60
738195,2452,08 10 51 56 57 58
738198,2453,10 14 15 24 34 44
738202,2454,09 14 22 24 44 47
738205,2455,21 38 50 53 56 59
738208,2456,28 34 40 41 52 55
738210,2457,10 19 46 47 49 50
738212,2458,15 40 44 45 47 51
738217,2459,15 24 33 49 53 59
738219,2460,16 17 18 28 35 47
738223,2461,08 11 16 21 32 37
738226,2462,03 16 23 41 45 57
738230,2463,11 16 31 37 42 51
738233,2464,02 07 24 43 52 56
738237,2465,03 08 23 29 53 54
738240,2466,02 03 13 20 53 54
738244,2467,01 10 19 34 35 45
738247,2468,22 35 41 42 53 57
738251,2469,05 28 30 38 52 55
738254,2470,08 33 40 42 48 51
738258,2471,08 23 29 30 36 55
738261,2472,05 13 18 23 35 36
738265,2473,15 18 28 42 55 60
738268,2474,22 30 38 39 49 56
738271,2475,01 40 44 45 58 60
738273,2476,02 07 32 46 49 55
738275,2477,20 33 37 38 49 50
738279,2478,02 17 23 28 39 46
738282,2479,10 15 17 20 21 35
738286,2480,04 06 09 31 50 56
738289,2481,01 08 21 27 36 37
738293,2482,01 32 35 44 45 57
738296,2483,20 34 38 40 49 54
738300,2484,11 14 36 41 54 59
738303,2485,05 12 32 38 47 60
738306,2486,08 09 17 19 33 56
738308,2487,23 36 42 48 54 58
738310,2488,17 31 34 40 56 57
738314,2489,03 10 13 25 41 42
738317,2490,11 16 17 41 46 59
738321,2491,22 29 38 43 48 53
738324,2492,10 30 31 33 42 52
738328,2493,04 09 37 43 44 56
738331,2494,01 04 10 22 53 54
738334,2495,08 12 14 30 33 41
738336,2496,07 26 31 38 46 58
738338,2497,05 14 23 46 48 52
738342,2498,09 12 26 29 46 47
738345,2499,11 19 38 47 56 59
738349,2500,05 16 25 32 39 55
738352,2501,11 27 32 40 58 59
738356,2502,16 20 21 39 44 55
738359,2503,03 14 16 38 43 45
738363,2504,14 33 41 42 44 55
738366,2505,03 05 19 26 43 51
738369,2506,21 22 29 34 40 44
738371,2507,04 06 12 34 35 53
738373,2508,41 45 48 51 53 58
738377,2509,08 37 39 50 59 60
738380,2510,08 13 25 32 44 57
738384,2511,04 10 15 39 41 49
738387,2512,07 10 34 47 49 52
738391,2513,13 19 21 35 46 50
738394,2514,05 15 24 34 45 52
738398,2515,03 12 19 41 45 54
738401,2516,08 17 49 51 52 53
738406,2517,01 05 06 16 22 39
738408,2518,03 22 23 44 53 60
738411,2519,03 08 20 36 38 57
738413,2520,02 17 22 41 58 60
738415,2521,23 28 33 38 55 59
738419,2522,04 05 25 32 39 40
738422,2523,01 10 27 36 37 45
738426,2524,03 20 22 37 41 43
738429,2525,04 13 21 26 47 51
738433,2526,02 16 24 38 43 59
738436,2527,08 19 29 38 48 56
738441,2528,04 15 22 53 56 60
738443,2529,03 05 32 56 57 59
738446,2530,14 17 18 28 30 44
738448,2531,01 05 18 49 55 56
738450,2532,10 14 17 18 23 30
738454,2533,17 18 20 37 45 53
738457,2534,28 36 39 44 56 60
738462,2535,01 03 24 37 51 56
738464,2536,09 22 27 30 33 45
738468,2537,12 24 26 31 37 48
738471,2538,06 15 19 20 33 52
738475,2539,01 23 32 33 36 59
738478,2540,02 08 28 34 41 49
738481,2541,10 28 45 47 57 59
738483,2542,12 20 22 25 26 55
738485,2543,02 05 27 30 46 53
738489,2544,25 38 45 53 55 56
738492,2545,20 23 32 36 39 57
738496,2546,03 23 28 34 38 48
738499,2547,10 25 31 37 38 57
738503,2548,09 15 23 25 29 30
738506,2549,01 06 10 30 33 35
738520,2550,04 05 10 34 58 59
738524,2551,01 25 29 43 46 48
738527,2552,05 24 25 33 38 41
738530,2553,13 15 53 54 55 58
738532,2554,19 25 43 44 48 49
738534,2555,03 20 45 52 53 58
738538,2556,02 06 10 14 34 56
738541,2557,03 13 16 25 27 33
738545,2558,02 10 18 25 34 44
738548,2559,09 12 20 30 32 35
738552,2560,04 05 17 20 48 52
738555,2561,19 22 37 44 51 56
738559,2562,06 12 32 44 51 57
738562,2563,05 09 14 30 38 50
738565,2564,07 08 14 19 32 45
